# period,game-ver,lobby-mode,lobby,mode,stage,time,win,knockout,A1-weapon,A1-kill-assist,A1-kill,A1-assist,A1-death,A1-special,A1-inked,A1-rank,A1-level,A2-weapon,A2-kill-assist,A2-kill,A2-assist,A2-death,A2-special,A2-inked,A2-rank,A2-level,A3-weapon,A3-kill-assist,A3-kill,A3-assist,A3-death,A3-special,A3-inked,A3-rank,A3-level,A4-weapon,A4-kill-assist,A4-kill,A4-assist,A4-death,A4-special,A4-inked,A4-rank,A4-level,B1-weapon,B1-kill-assist,B1-kill,B1-assist,B1-death,B1-special,B1-inked,B1-rank,B1-level,B2-weapon,B2-kill-assist,B2-kill,B2-assist,B2-death,B2-special,B2-inked,B2-rank,B2-level,B3-weapon,B3-kill-assist,B3-kill,B3-assist,B3-death,B3-special,B3-inked,B3-rank,B3-level,B4-weapon,B4-kill-assist,B4-kill,B4-assist,B4-death,B4-special,B4-inked,B4-rank,B4-level
2018-02-14T12:00:00+00:00,2.2.2,gachi,standard,yagura,bbass,277,bravo,TRUE,heroshooter_replica,5,5,0,6,2,651,b-,63,screwslosher,5,4,1,9,3,711,b,58,sputtery,13,12,1,6,4,1129,b+,42,splatscope_collabo,1,1,0,11,2,799,b-,60,momiji,10,7,3,6,5,1053,b,46,splatcharger,8,7,1,6,2,736,b,50,jetsweeper,6,5,1,5,5,880,b,31,splatroller,13,13,0,5,4,921,b,60
2018-02-14T12:00:00+00:00,2.2.2,gachi,standard,yagura,bbass,300,bravo,FALSE,heroshooter_replica,9,8,1,6,3,866,b-,63,clashblaster,7,5,2,10,2,540,b+,55,sputtery,9,9,0,9,2,628,b-,56,nzap85,8,4,4,2,5,1042,b+,59,sputtery,7,7,0,9,4,1058,b,60,longblaster,8,7,1,2,4,854,b-,46,carbon,11,10,1,9,1,481,b-,31,nzap85,6,3,3,6,1,744,b,58
2018-02-20T12:00:00+00:00,2.2.2,gachi,standard,yagura,hakofugu,298,bravo,TRUE,hotblaster,13,7,6,8,3,759,s,66,nzap85,12,8,4,12,2,925,s,71,sshooter,7,4,3,13,0,756,s,48,hydra,16,11,5,8,1,700,s,74,nzap85,18,13,5,8,3,983,s,57,screwslosher_neo,16,11,5,9,2,792,s,68,maneuver,11,7,4,6,6,900,s,60,nzap85,15,10,5,7,4,928,s,48
2018-02-20T12:00:00+00:00,2.2.2,gachi,standard,yagura,bbass,270,bravo,TRUE,hotblaster,8,8,0,7,3,814,s,66,rapid,0,0,0,8,2,793,s,47,pablo,8,4,4,9,1,465,s,83,nzap85,5,4,1,9,1,799,s,94,nzap85,12,8,4,6,3,827,s,57,wakaba,11,4,7,4,5,833,s,67,maneuver,9,6,3,3,6,977,s,60,splatscope,16,15,1,3,3,737,s,109
2018-02-20T12:00:00+00:00,2.2.2,gachi,standard,yagura,hakofugu,300,alpha,FALSE,hotblaster,15,9,6,6,5,919,a+,66,dualsweeper,17,12,5,5,6,985,a,49,sputtery,11,8,3,9,2,747,a+,44,rapid,10,6,4,9,2,745,a,25,hotblaster,8,7,1,10,1,575,a,40,sshooter_collabo,8,7,1,13,0,735,a,48,pablo,8,8,0,6,4,960,a-,23,splatscope,8,7,1,7,1,974,a+,65
2018-02-20T12:00:00+00:00,2.2.2,gachi,standard,yagura,bbass,91,bravo,TRUE,hotblaster,4,4,0,3,0,304,a+,66,bucketslosher_deco,1,1,0,3,0,409,a+,42,splatroller,3,2,1,3,1,238,a,35,rapid_elite,2,2,0,3,0,261,a+,66,carbon,3,2,1,3,1,181,a+,87,splatroller,6,5,1,2,1,289,a+,78,sshooter,4,4,0,2,1,399,a+,52,heroblaster_replica,3,1,2,2,1,220,a+,111
2018-02-20T12:00:00+00:00,2.2.2,gachi,standard,yagura,hakofugu,245,alpha,TRUE,hotblaster,14,10,4,3,4,836,a+,66,carbon,9,6,3,7,4,754,a+,87,squiclean_a,3,1,2,6,2,434,a,42,rapid_elite,9,6,3,7,2,732,a+,66,maneuver,5,4,1,7,3,766,a-,25,carbon,7,6,1,6,3,654,a-,33,splatroller,6,5,1,5,1,547,a,35,herospinner_replica,12,8,4,5,4,721,a+,72
2018-02-20T14:00:00+00:00,2.2.2,gachi,squad_2,yagura,zatou,309,alpha,FALSE,nzap89,8,8,0,8,6,1259,a+,57,prime,14,8,6,9,4,995,s+,60,bucketslosher,6,4,2,13,3,914,a+,86,longblaster,14,10,4,7,0,964,s+,59,screwslosher_neo,11,6,5,7,3,823,s+,78,maneuver,9,4,5,8,3,1107,s+,76,52gal,22,19,3,7,3,1251,s+,84,nova,8,8,0,8,3,965,a+,75
2018-02-20T18:00:00+00:00,2.2.2,gachi,standard,area,hokke,212,alpha,TRUE,prime_collabo,9,7,2,3,2,859,s,69,nzap85,8,4,4,4,3,772,s,79,nzap89,11,9,2,5,4,995,s,75,dualsweeper,10,7,3,2,4,995,s,56,bold,6,5,1,6,3,1000,s,48,hotblaster,7,6,1,8,2,583,s,35,heroshooter_replica,4,3,1,6,3,884,s,54,campingshelter,1,0,1,7,1,603,s,49
2018-02-20T18:00:00+00:00,2.2.2,gachi,standard,area,hokke,227,alpha,TRUE,prime_collabo,4,4,0,7,2,749,s,69,splatscope_collabo,5,5,0,3,4,1017,s,48,wakaba,8,3,5,6,4,980,s,105,hotblaster,6,5,1,7,2,755,s,73,52gal_deco,9,7,2,4,5,1027,s,38,hotblaster,13,11,2,5,4,842,s,35,longblaster,7,4,3,4,4,686,s,44,h3reelgun,5,1,4,4,5,1057,s,72
2018-02-20T18:00:00+00:00,2.2.2,gachi,standard,area,hokke,235,bravo,TRUE,prime_collabo,5,4,1,4,3,833,s,69,sshooter,3,3,0,7,2,803,s,46,wakaba,6,3,3,7,4,1037,s,105,hissen,8,6,2,7,3,778,s,51,52gal_deco,8,7,1,6,3,903,s,38,h3reelgun,5,2,3,5,4,1070,s,72,splatroller,9,8,1,3,2,876,s,60,herocharger_replica,9,8,1,2,3,972,s,88
2018-02-20T18:00:00+00:00,2.2.2,gachi,standard,area,hokke,131,bravo,TRUE,prime_collabo,1,1,0,3,3,532,s,69,prime,3,2,1,3,2,554,s,64,hissen,2,0,2,5,1,153,s,51,splatroller,4,3,1,3,3,682,s,74,promodeler_mg,4,3,1,1,3,748,s,89,52gal_deco,4,3,1,2,2,581,s,38,splatcharger_collabo,2,2,0,2,1,340,s,73,h3reelgun,8,6,2,1,2,626,s,72
2018-02-20T18:00:00+00:00,2.2.2,gachi,standard,area,devon,272,alpha,TRUE,prime_collabo,10,8,2,6,3,1044,s,69,nzap85,13,7,6,7,3,946,s,73,screwslosher_neo,11,10,1,9,2,913,s,57,rapid,15,8,7,3,4,1099,s,82,dualsweeper,7,4,3,6,6,1474,s,71,hissen,7,6,1,14,1,547,s,51,wakaba,12,7,5,6,6,1100,s,86,splatroller,9,8,1,7,4,878,s,74
2018-02-20T18:00:00+00:00,2.2.2,gachi,standard,area,devon,313,bravo,FALSE,prime_collabo,4,3,1,4,6,1480,s,69,dualsweeper,4,3,1,6,6,1241,s,63,sshooter,9,9,0,10,4,991,s,36,splatroller,2,1,1,8,1,794,s,71,dualsweeper,6,4,2,6,5,1451,s,56,jetsweeper,11,8,3,5,4,894,s,72,splatcharger,5,5,0,2,5,1191,s,83,hissen,16,11,5,3,5,1007,s,51
2018-02-20T18:00:00+00:00,2.2.2,gachi,standard,area,hokke,231,bravo,TRUE,prime_collabo,4,4,0,4,3,877,s,69,nzap85,6,4,2,5,3,998,s,116,pablo,6,6,0,6,3,897,s,67,splatroller,9,8,1,6,3,963,s,71,52gal_deco,6,6,0,7,2,906,s,88,dualsweeper,6,3,3,5,4,1020,s,56,sshooter,8,6,2,7,3,931,s,36,barrelspinner_deco,6,6,0,3,4,872,s,93
2018-02-20T18:00:00+00:00,2.2.2,gachi,standard,area,devon,300,bravo,FALSE,prime_collabo,9,7,2,8,4,1069,s,69,sputtery_hue,4,3,1,8,4,1044,s,84,sshooter,4,2,2,9,2,800,s,36,splatroller,14,13,1,4,4,1049,s,83,barrelspinner,8,8,0,3,3,1194,s,73,sputtery,10,10,0,8,2,967,s,79,nzap85,9,7,2,7,3,1123,s,57,sshooter,4,4,0,7,2,941,s,62
2018-02-20T18:00:00+00:00,2.2.2,gachi,standard,area,hokke,320,alpha,FALSE,prime_collabo,5,3,2,4,5,1235,s,69,bold,8,7,1,6,7,1619,s,40,nova,11,10,1,11,2,851,s,72,sshooter,7,6,1,7,1,1153,s,62,prime_collabo,13,11,2,5,5,1258,s,85,splatscope,10,7,3,6,4,1244,s,88,splatroller,8,8,0,10,3,862,s,83,momiji,4,2,2,5,5,1687,s,108
2018-02-20T18:00:00+00:00,2.2.2,gachi,standard,area,devon,337,bravo,FALSE,prime_collabo,9,8,1,6,5,1312,s,69,sshooter,7,5,2,6,3,1294,s,61,maneuver_collabo,9,5,4,4,8,1315,s,77,nzap89,6,4,2,6,5,967,s,84,hissen,12,7,5,7,5,1172,s,61,h3reelgun,4,3,1,5,6,1347,s,72,splatcharger,6,4,2,3,6,1064,s,105,sshooter,9,8,1,7,4,1233,s,62
2018-02-20T18:00:00+00:00,2.2.2,gachi,standard,area,hokke,140,alpha,TRUE,prime_collabo,5,4,1,2,1,545,s,69,sshooter,10,10,0,1,2,683,s,61,hotblaster,6,2,4,2,2,554,s,65,maneuver_collabo,3,1,2,3,3,595,s,77,hissen,2,2,0,6,0,398,s,62,longblaster,4,4,0,3,1,577,s,95,sshooter,1,1,0,3,1,506,s,62,nzap89,1,1,0,5,2,579,s,84
2018-02-20T18:00:00+00:00,2.2.2,gachi,standard,area,devon,168,alpha,TRUE,prime_collabo,4,4,0,3,2,650,s,70,sshooter,10,9,1,2,2,780,s,61,heroroller_replica,4,4,0,4,1,401,s,51,screwslosher_neo,5,0,5,5,2,504,s,71,splatscope,5,3,2,3,2,670,s,52,hotblaster,7,5,2,6,1,418,s,83,splatroller,4,4,0,5,2,530,s,52,nzap89,3,2,1,4,3,727,s,84
2018-02-20T18:00:00+00:00,2.2.2,gachi,standard,area,hokke,233,bravo,TRUE,prime_collabo,4,4,0,6,2,901,s,70,screwslosher_neo,5,4,1,7,2,809,s,71,sshooter,7,6,1,7,1,980,s,64,nzap85,6,4,2,8,2,830,s,85,sshooter,13,12,1,3,3,1056,s,61,52gal_deco,10,8,2,3,3,1056,s,56,jetsweeper,8,5,3,5,4,746,s,40,nzap89,5,3,2,7,3,953,s,84
2018-02-20T18:00:00+00:00,2.2.2,gachi,standard,area,devon,281,alpha,TRUE,prime_collabo,6,5,1,8,2,898,s,70,nzap85,8,6,2,7,4,1076,s,74,sputtery,10,10,0,4,7,1571,s,104,parashelter,7,4,3,7,3,1061,s,58,heroroller_replica,13,11,2,5,4,994,s,46,wakaba,5,1,4,8,4,1243,s,50,nzap89,8,6,2,4,5,1269,s,51,nzap89,9,7,2,8,3,894,s,84
2018-02-20T18:00:00+00:00,2.2.2,gachi,standard,area,hokke,313,bravo,FALSE,prime_collabo,14,12,2,5,5,1539,s,70,momiji,8,4,4,9,6,1483,s,90,sputtery,10,8,2,6,6,1347,s,104,nzap89,7,7,0,9,5,1286,s,84,sshooter_collabo,7,5,2,8,2,1235,s,58,heroroller_replica,15,11,4,4,7,1895,s,97,wakaba,14,10,4,8,5,1547,s,67,bold,4,3,1,11,4,1242,s,84
2018-02-22T04:00:00+00:00,2.2.2,gachi,standard,yagura,hokke,320,bravo,FALSE,soytuber,5,5,0,10,3,792,s,67,sshooter,12,10,2,10,2,1004,s,71,rapid,9,7,2,9,2,861,s,60,momiji,13,8,5,9,5,1652,s,71,sshooter,20,14,6,5,5,1234,s,64,splatcharger,7,5,2,6,4,861,s,38,maneuver_collabo,10,8,2,12,3,860,s,84,sputtery_hue,13,11,2,7,6,1626,s,59
2018-02-22T04:00:00+00:00,2.2.2,gachi,standard,yagura,hokke,226,bravo,TRUE,nzap85,14,10,4,4,4,1118,s+,93,screwslosher,13,10,3,4,3,897,s+,138,herobrush_replica,7,3,4,8,1,557,s+,132,jetsweeper_custom,5,3,2,5,2,0,s+,49,bucketslosher,10,7,3,5,2,582,s+,63,splatroller,6,3,3,9,3,812,s+,49,maneuver_collabo,10,6,4,6,2,891,s+,129,splatscope,7,5,2,6,3,762,s+,103
2018-02-22T04:00:00+00:00,2.2.2,gachi,standard,yagura,kombu,305,bravo,FALSE,nzap85,10,8,2,12,2,1082,s+,93,dynamo,10,4,6,6,4,1111,s+,68,maneuver_collabo,9,8,1,10,0,1002,s+,129,bucketslosher,7,7,0,6,6,1308,s+,86,heroroller_replica,13,10,3,8,3,1051,s+,65,herobrush_replica,8,8,0,13,2,861,s+,132,splatscope,12,10,2,0,6,1508,s+,103,bamboo14mk1,7,6,1,6,6,1075,s+,53
2018-02-22T04:00:00+00:00,2.2.2,gachi,standard,yagura,hokke,300,bravo,FALSE,nzap85,13,6,7,8,5,1418,s+,93,jetsweeper,9,4,5,3,6,841,s+,77,splatcharger_collabo,5,4,1,11,1,643,s+,48,52gal_deco,11,11,0,12,1,828,s+,65,splatscope,15,12,3,5,4,1244,s+,103,hokusai_hue,6,5,1,7,5,852,s+,79,sshooter,10,6,4,4,3,1083,s+,60,heroroller_replica,12,11,1,9,2,744,s+,77
2018-02-22T04:00:00+00:00,2.2.2,gachi,standard,yagura,hokke,300,alpha,FALSE,nzap85,16,11,5,6,5,1278,s+,93,hokusai_hue,8,5,3,3,6,855,s+,79,splatscope,8,6,2,3,4,1119,s+,103,prime_collabo,7,5,2,8,3,866,s+,91,sputtery_hue,8,6,2,8,4,884,s+,95,52gal_deco,12,10,2,12,0,1154,s+,65,jetsweeper,8,4,4,5,7,1198,s+,77,sshooter,0,0,0,2,0,0,s+,60
2018-02-22T04:00:00+00:00,2.2.2,gachi,standard,yagura,kombu,301,alpha,FALSE,nzap85,5,2,3,9,2,1106,s+,93,splatscope,7,6,1,4,4,1134,s+,103,herospinner_replica,8,8,0,1,8,1655,s+,88,sshooter,11,10,1,9,1,918,s+,87,splatcharger,7,4,3,5,3,1097,s+,139,nzap85,8,4,4,8,3,902,s+,58,screwslosher_neo,11,7,4,8,3,1161,s+,80,hokusai_hue,11,8,3,5,7,1493,s+,79
2018-02-22T06:00:00+00:00,2.2.2,gachi,standard,area,tachiuo,139,bravo,TRUE,nzap85,2,2,0,3,2,614,s+,64,nova,1,1,0,4,2,353,s+,82,heroroller_replica,3,3,0,6,1,390,s+,75,dualsweeper,0,0,0,6,1,516,s+,60,hotblaster,10,9,1,2,1,420,s+,90,sshooter,11,8,3,3,2,542,s+,74,splatscope,1,1,0,0,0,0,s+,64,parashelter,1,0,1,1,1,541,s+,51
2018-02-22T06:00:00+00:00,2.2.2,gachi,standard,area,zatou,312,alpha,FALSE,nzap85,11,9,2,11,4,1254,s+,64,barrelspinner,12,11,1,6,6,1358,s+,69,nzap85,11,5,6,8,4,1299,s+,32,splatscope_collabo,6,6,0,8,4,1395,s+,85,hotblaster_custom,16,13,3,8,4,990,s+,87,nzap85,18,15,3,8,5,1417,s+,71,splatcharger,7,5,2,7,4,991,s+,53,momiji,2,0,2,8,5,1581,s+,47
2018-02-22T06:00:00+00:00,2.2.2,gachi,standard,area,zatou,236,alpha,TRUE,nzap85,9,6,3,7,3,1116,s+,64,nzap85,7,5,2,10,3,906,s+,107,sputtery,7,6,1,8,4,1039,s+,83,screwslosher_neo,11,6,5,4,4,1025,s+,104,hissen,10,7,3,5,4,971,s+,79,dynamo,15,11,4,7,1,831,s+,42,hotblaster,13,7,6,6,4,894,s+,62,sshooter,5,4,1,5,3,1107,s+,64
2018-02-22T06:00:00+00:00,2.2.2,gachi,standard,area,zatou,260,bravo,TRUE,nzap85,9,7,2,9,4,1184,s+,64,dynamo_tesla,6,1,5,2,5,1129,s+,61,sshooter,11,8,3,9,3,912,s+,90,heroshelter_replica,8,5,3,7,3,1080,s+,67,sshooter,15,11,4,6,4,1119,s+,105,nzap85,7,4,3,6,3,765,s+,37,dynamo,6,6,0,5,2,1110,s+,82,barrelspinner,9,6,3,4,6,1230,s+,64
2018-02-22T06:00:00+00:00,2.2.2,gachi,standard,area,zatou,181,bravo,TRUE,nzap85,1,0,1,6,2,842,s+,64,screwslosher_neo,5,3,2,5,3,706,s+,60,splatcharger_collabo,2,2,0,5,3,867,s+,74,splatscope,6,4,2,2,3,744,s+,64,rapid_deco,9,8,1,3,2,737,s+,72,hissen,6,5,1,3,3,818,s+,42,splatscope,2,2,0,2,2,833,s+,80,nzap85,7,3,4,2,4,1015,s+,49
2018-02-22T06:00:00+00:00,2.2.2,gachi,squad_4,yagura,bbass,72,alpha,TRUE,nzap85,8,7,1,1,2,452,s+,64,splatroller,3,2,1,2,1,237,b+,31,splatroller,3,2,1,2,1,228,a,31,hotblaster,3,1,2,0,0,195,s+,23,splatspinner,3,2,1,3,0,212,s,67,nzap89,2,1,1,2,1,376,a-,48,nzap85,2,1,1,3,0,260,s,54,carbon,1,1,0,4,0,154,b+,49
2018-02-22T06:00:00+00:00,2.2.2,gachi,squad_4,yagura,battera,309,alpha,FALSE,nzap85,15,10,5,9,3,1333,s+,64,hotblaster,18,15,3,9,2,1041,s+,23,bucketslosher_deco,8,4,4,16,1,704,b+,31,splatroller,8,7,1,13,1,852,a,31,jetsweeper_custom,21,12,9,5,5,1055,s+,82,maneuver_collabo,15,9,6,10,4,1146,s+,92,sshooter,15,13,2,13,3,1072,s+,75,barrelspinner,14,13,1,9,3,887,s+,130
2018-02-22T06:00:00+00:00,2.2.2,gachi,squad_4,yagura,battera,213,bravo,TRUE,nzap85,11,9,2,4,4,1178,s+,64,splatroller,5,4,1,7,1,390,b+,31,splatroller,4,3,1,10,1,595,a,31,hotblaster,4,2,2,8,1,605,s+,23,52gal,16,9,7,5,4,727,s+,72,sshooter,11,10,1,6,1,711,s+,66,wakaba,9,3,6,5,6,1113,s+,64,splatcharger,7,7,0,2,3,805,s+,72
2018-02-22T06:00:00+00:00,2.2.2,gachi,squad_4,yagura,battera,206,bravo,TRUE,nzap85,6,4,2,7,3,1040,s+,64,hotblaster,5,5,0,8,1,674,s+,23,maneuver_collabo,3,3,0,9,1,729,a,31,squiclean_a,2,1,1,8,1,452,b+,31,hotblaster,18,14,4,3,5,951,s+,61,splatroller,12,7,5,3,2,726,s+,63,nzap85,10,5,5,3,4,749,a,34,hokusai,7,6,1,4,4,724,s+,66
2018-02-22T08:00:00+00:00,2.2.2,gachi,squad_4,hoko,tachiuo,138,alpha,TRUE,nzap85,13,11,2,3,1,692,s+,64,splatroller,8,6,2,3,1,318,a-,31,nzap85,6,3,3,2,2,724,a+,23,longblaster,1,1,0,4,0,240,a,31,nzap85,5,2,3,6,0,455,s+,76,bucketslosher_deco,4,3,1,6,0,258,s+,60,splatroller,4,4,0,5,0,453,s+,67,herocharger_replica,2,2,0,4,0,425,s+,119
2018-02-22T08:00:00+00:00,2.2.2,gachi,squad_4,hoko,hokke,36,bravo,TRUE,nzap85,0,0,0,2,0,158,s+,64,splatroller,1,1,0,2,0,83,a-,31,sshooter,0,0,0,2,0,124,a+,23,maneuver_collabo,0,0,0,1,0,179,a,31,heroblaster_replica,6,5,1,0,0,241,s+,83,screwslosher,4,2,2,1,0,159,s+,82,barrelspinner,1,0,1,0,0,153,s+,103,bold,0,0,0,0,0,237,s+,76
2018-02-22T08:00:00+00:00,2.2.2,gachi,squad_4,hoko,hokke,300,alpha,FALSE,nzap85,15,13,2,6,3,1341,s+,64,splatroller,15,13,2,7,3,1044,a-,31,maneuver_collabo,10,5,5,9,0,653,a,31,52gal_deco,6,3,3,6,2,1145,a+,23,splatcharger,14,10,4,6,3,1358,s+,110,maneuver_collabo,11,6,5,7,1,1006,b+,42,splatroller,10,7,3,9,2,772,b-,43,splatroller,5,5,0,12,2,610,c-,29
2018-02-22T08:00:00+00:00,2.2.2,gachi,squad_4,hoko,hokke,249,bravo,TRUE,nzap85,14,14,0,6,4,1183,s+,64,longblaster,7,5,2,6,2,1016,a+,23,maneuver_collabo,4,1,3,5,2,779,a,31,splatroller,3,3,0,9,0,563,a-,31,kelvin525,10,7,3,5,1,822,s+,77,splatroller,9,6,3,7,2,758,s+,63,bold,8,8,0,7,5,1438,s+,67,52gal_deco,5,4,1,4,4,932,s+,79
2018-02-22T08:00:00+00:00,2.2.2,regular,standard,nawabari,mozuku,180,alpha,FALSE,sharp,1,1,0,3,3,1230,,62,nzap85,3,2,1,4,3,1064,,82,splatcharger,1,1,0,5,0,455,,70,herospinner_replica,2,2,0,4,2,586,,91,screwslosher,4,4,0,2,1,721,,65,splatroller,8,6,2,1,2,677,,43,bucketslosher_deco,3,2,1,2,2,850,,25,nzap85,8,4,4,1,3,929,,52
2018-02-22T08:00:00+00:00,2.2.2,regular,standard,nawabari,engawa,180,alpha,FALSE,sharp,2,0,2,3,3,1219,,62,jetsweeper_custom,7,6,1,1,2,696,,82,sshooter,10,9,1,4,1,578,,71,nzap85,3,1,2,3,2,817,,52,screwslosher,5,4,1,3,1,618,,65,bold,4,4,0,5,2,874,,43,bucketslosher_deco,3,2,1,2,4,1123,,25,splatroller,0,0,0,7,0,324,,11
2018-02-22T08:00:00+00:00,2.2.2,regular,standard,nawabari,mozuku,180,bravo,FALSE,sharp,4,4,0,3,4,1236,,62,splatscope,0,0,0,1,2,668,,42,squiclean_a,1,1,0,5,3,654,,61,nzap85,2,1,1,4,2,1012,,77,spygadget,6,3,3,2,3,889,,67,heroshooter_replica,3,3,0,1,3,1080,,102,bold,4,3,1,2,1,955,,52,herocharger_replica,4,4,0,1,2,682,,76
2018-02-22T08:00:00+00:00,2.2.2,regular,standard,nawabari,mozuku,180,bravo,FALSE,sharp,2,2,0,3,4,1058,,62,splatscope,2,1,1,3,1,529,,42,nzap85,4,3,1,2,3,983,,77,liter4k_scope,4,3,1,4,2,737,,76,heroshooter_replica,8,6,2,1,4,1217,,102,hissen,5,2,3,2,3,762,,61,pablo,1,1,0,4,3,727,,52,sharp,3,3,0,2,3,794,,77
2018-02-22T08:00:00+00:00,2.2.2,regular,standard,nawabari,mozuku,180,alpha,FALSE,sharp,5,3,2,1,4,1314,,62,heroshooter_replica,5,3,2,4,4,1065,,102,squiclean_a,6,3,3,2,2,596,,42,hotblaster_custom,9,9,0,2,3,749,,72,wakaba,2,1,1,5,4,895,,61,nzap85,4,3,1,3,3,1138,,77,wakaba,3,3,0,3,4,1035,,78,96gal_deco,2,2,0,7,0,447,,97
2018-02-22T08:00:00+00:00,2.2.2,regular,standard,nawabari,mozuku,180,alpha,FALSE,sharp,4,4,0,3,3,1091,,62,sshooter,8,8,0,5,0,408,,45,l3reelgun,2,2,0,0,3,925,,67,promodeler_mg,4,3,1,3,3,939,,65,bucketslosher_deco,4,4,0,5,1,697,,58,maneuver,6,6,0,5,1,657,,6,nzap85,1,0,1,2,2,952,,58,dynamo_tesla,1,1,0,5,1,641,,57
2018-02-22T10:00:00+00:00,2.2.2,gachi,standard,hoko,manta,300,alpha,FALSE,nzap85,7,4,3,7,4,1119,s+,64,hissen,19,14,5,7,4,1125,s+,89,heroshooter_replica,14,11,3,11,1,896,s+,100,barrelspinner,11,5,6,6,3,1175,s+,64,sshooter_collabo,16,14,2,7,2,895,s+,44,sshooter,10,6,4,9,3,1215,s+,83,screwslosher_neo,12,6,6,8,1,1106,s+,71,wakaba,10,5,5,10,2,1056,s+,76
2018-02-22T10:00:00+00:00,2.2.2,gachi,standard,hoko,arowana,301,alpha,FALSE,nzap85,10,7,3,8,3,1043,s+,64,momiji,7,5,2,3,5,1414,s+,67,hydra,10,9,1,6,1,659,s+,72,splatcharger_collabo,5,5,0,6,1,756,s+,64,splatroller,8,8,0,8,2,867,s+,56,liter4k,7,6,1,6,4,993,s+,53,dynamo_tesla,3,2,1,5,5,1216,s+,91,splatcharger,7,6,1,8,1,775,s+,74
2018-02-22T10:00:00+00:00,2.2.2,gachi,standard,hoko,manta,300,alpha,FALSE,rapid,14,9,5,4,3,1048,s+,74,hotblaster,10,10,0,9,0,623,s+,93,sshooter,6,3,3,8,1,906,s+,60,herobrush_replica,7,6,1,7,2,1054,s+,58,hotblaster,16,14,2,7,3,1041,s+,79,heroshooter_replica,5,4,1,7,2,743,s+,40,liter4k_scope_custom,5,4,1,7,6,1229,s+,71,pablo,6,4,2,8,2,837,s+,47
2018-02-22T10:00:00+00:00,2.2.2,gachi,standard,hoko,arowana,300,alpha,FALSE,nzap85,7,6,1,8,3,1007,s+,64,prime_collabo,1,1,0,6,4,723,s+,42,liter4k,6,5,1,2,6,991,s+,80,screwslosher_neo,9,7,2,9,3,822,s+,65,hotblaster,9,8,1,4,2,1003,s+,73,hissen,4,4,0,6,2,752,s+,94,52gal_deco,3,2,1,6,1,882,s+,82,hydra,11,10,1,3,3,934,s+,72
2018-02-22T10:00:00+00:00,2.2.2,gachi,standard,hoko,arowana,300,bravo,FALSE,rapid,6,4,2,4,2,854,s+,74,sshooter_collabo,10,9,1,6,3,1025,s+,45,splatscope,8,7,1,4,3,927,s+,73,screwslosher_neo,9,4,5,10,2,730,s+,68,screwslosher,10,6,4,6,3,763,s+,65,sputtery_hue,13,13,0,6,3,934,s+,66,sshooter_collabo,5,3,2,8,0,594,s+,67,dualsweeper,3,1,2,5,6,1339,s+,32
2018-02-22T10:00:00+00:00,2.2.2,gachi,standard,hoko,arowana,300,alpha,FALSE,nzap85,10,5,5,9,4,1162,s+,64,maneuver_collabo,10,8,2,9,2,759,s+,92,bold,9,7,2,8,4,1130,s+,85,hotblaster,12,12,0,3,3,905,s+,64,herospinner_replica,11,7,4,8,2,802,s+,83,maneuver_collabo,7,5,2,10,2,768,s+,80,heroshooter_replica,10,10,0,7,2,1144,s+,92,sputtery,7,6,1,7,3,1469,s+,56
2018-02-22T10:00:00+00:00,2.2.2,gachi,standard,hoko,manta,300,bravo,FALSE,rapid,13,9,4,5,3,936,s+,74,prime_collabo,8,7,1,9,5,1104,s+,72,hokusai,7,5,2,10,2,661,s+,54,splatroller,9,8,1,12,1,744,s+,37,pablo,15,12,3,6,3,964,s+,41,prime_collabo,10,10,0,8,3,957,s+,28,splatcharger,5,3,2,7,1,821,s+,128,maneuver_collabo,12,7,5,8,1,892,s+,52
2018-02-22T10:00:00+00:00,2.2.2,regular,standard,nawabari,chozame,180,bravo,FALSE,prime,5,4,1,3,3,956,,69,52gal,4,4,0,5,1,620,,36,bold,0,0,0,2,2,703,,31,carbon,3,3,0,3,2,639,,31,momiji,4,2,2,4,3,828,,74,sputtery_hue,5,4,1,5,2,686,,42,splatroller,6,6,0,0,2,683,,29,dualsweeper,1,1,0,2,3,820,,35
2018-02-22T10:00:00+00:00,2.2.2,regular,standard,nawabari,chozame,180,bravo,FALSE,prime,5,3,2,3,3,884,,69,momiji,6,6,0,4,3,942,,74,52gal,3,2,1,5,1,529,,36,wakaba,6,4,2,7,1,594,,30,sputtery_hue,5,5,0,8,1,654,,42,splatroller,9,8,1,0,3,873,,29,h3reelgun,5,2,3,4,3,680,,52,sputtery_hue,4,3,1,4,3,828,,65
2018-02-22T10:00:00+00:00,2.2.2,gachi,standard,hoko,arowana,273,bravo,TRUE,nzap85,12,10,2,6,3,960,s+,64,dualsweeper,7,6,1,7,4,1094,s+,59,bold,0,0,0,0,0,0,s+,38,hissen,4,1,3,2,1,0,s+,74,barrelspinner,4,3,1,6,3,950,s+,83,sshooter,2,2,0,4,3,1012,s+,60,hotblaster,8,6,2,4,3,765,s+,52,splatcharger,4,3,1,3,2,582,s+,49
2018-02-22T10:00:00+00:00,2.2.2,gachi,standard,hoko,manta,300,alpha,FALSE,splatcharger,12,11,1,4,1,993,s+,74,bold,7,5,2,8,0,1119,s+,78,hokusai,18,14,4,6,3,879,s+,37,splatroller,11,10,1,6,4,1097,s+,52,sputtery_hue,10,10,0,11,3,904,s+,59,splatroller,8,6,2,10,2,988,s+,89,bold,7,5,2,9,4,1172,s+,61,splatroller,7,3,4,10,2,959,s+,80
2018-02-22T10:00:00+00:00,2.2.2,regular,standard,nawabari,chozame,180,bravo,FALSE,prime,7,2,5,4,3,964,,69,clashblaster,3,2,1,4,1,518,,74,dualsweeper,6,3,3,3,2,804,,36,splatroller,9,9,0,5,1,734,,29,nzap85,7,5,2,8,1,644,,42,h3reelgun,3,3,0,3,3,809,,52,splatroller,3,3,0,1,2,780,,42,sshooter,6,5,1,4,2,911,,41
2018-02-22T10:00:00+00:00,2.2.2,gachi,standard,hoko,manta,300,bravo,FALSE,nzap85,16,9,7,7,5,1425,s+,64,hokusai_hue,9,7,2,9,3,786,s+,101,prime_collabo,10,8,2,8,1,963,s+,78,maneuver_collabo,6,5,1,6,2,1094,s+,70,nzap85,15,13,2,7,3,998,s+,53,bold,7,4,3,9,2,1184,s+,91,nzap89,10,9,1,7,4,985,s+,66,parashelter,8,3,5,7,3,1225,s+,81
2018-02-22T10:00:00+00:00,2.2.2,gachi,standard,hoko,arowana,300,bravo,FALSE,splatcharger,9,6,3,6,2,750,s+,74,hotblaster_custom,8,3,5,9,2,748,s+,86,dynamo,8,8,0,6,4,946,s+,77,splatroller,17,15,2,8,3,1110,s+,52,bold,9,6,3,9,1,912,s+,79,splatscope,10,9,1,8,1,1039,s+,41,hotblaster,14,12,2,7,1,632,s+,89,sshooter,6,2,4,9,1,880,s+,96
2018-02-22T10:00:00+00:00,2.2.2,regular,standard,nawabari,chozame,180,bravo,FALSE,prime,6,5,1,1,3,1112,,69,pablo_hue,3,3,0,4,1,583,,36,splatroller,4,4,0,4,1,714,,29,h3reelgun,4,1,3,5,3,718,,52,bold,8,6,2,3,3,1167,,74,sputtery_hue,3,3,0,4,2,602,,42,nzap85,5,1,4,3,3,1010,,41,heroshooter_replica,5,4,1,3,2,561,,64
2018-02-22T10:00:00+00:00,2.2.2,gachi,standard,hoko,arowana,304,bravo,FALSE,nzap85,7,4,3,9,2,963,s+,65,maneuver_collabo,7,5,2,7,3,868,s+,40,sshooter,14,12,2,6,3,1230,s+,47,hotblaster,10,7,3,2,3,953,s+,64,bucketslosher_deco,5,3,2,10,1,742,s+,55,nzap85,10,7,3,9,4,991,s+,79,maneuver_collabo,6,3,3,6,3,1015,s+,107,l3reelgun_d,13,11,2,4,6,1303,s+,74
2018-02-22T10:00:00+00:00,2.2.2,regular,standard,nawabari,chozame,180,bravo,FALSE,prime,3,1,2,3,2,848,,69,clashblaster,2,2,0,6,1,537,,42,52gal,5,2,3,5,1,611,,36,bold,4,4,0,6,3,887,,41,bold,7,6,1,2,4,1114,,74,splatroller,7,7,0,2,1,801,,29,heroshooter_replica,5,4,1,2,3,871,,52,heroshooter_replica,6,3,3,3,1,386,,64
2018-02-22T10:00:00+00:00,2.2.2,gachi,standard,hoko,manta,309,bravo,FALSE,campingshelter,6,4,2,5,3,771,s+,74,nzap85,8,5,3,11,2,1147,s+,62,dualsweeper,6,3,3,8,3,952,s+,62,heroroller_replica,16,15,1,8,2,1148,s+,48,barrelspinner_deco,10,9,1,7,4,1027,s+,61,maneuver_collabo,9,7,2,11,1,803,s+,67,splatroller,5,5,0,7,1,1069,s+,77,rapid,11,7,4,4,4,1097,s+,35
2018-02-22T10:00:00+00:00,2.2.2,regular,standard,nawabari,battera,180,alpha,FALSE,prime,13,5,8,1,3,931,,69,bold,7,7,0,4,1,920,,74,splatroller,6,6,0,5,1,555,,42,splatroller,4,4,0,3,1,576,,29,liter4k_scope_custom,0,0,0,6,0,354,,36,heroshooter_replica,7,7,0,4,4,1082,,52,heroroller_replica,4,4,0,6,1,743,,41,heroroller_replica,3,2,1,6,1,461,,64
2018-02-22T10:00:00+00:00,2.2.2,gachi,standard,hoko,manta,300,bravo,FALSE,nzap85,16,10,6,6,5,1470,s+,65,sshooter,11,8,3,8,4,1149,s+,76,hotblaster,10,8,2,11,3,712,s+,78,maneuver_collabo,8,6,2,11,1,837,s+,73,nzap85,10,7,3,10,2,1120,s+,79,sputtery_hue,18,12,6,10,4,1207,s+,73,heroslosher_replica,10,8,2,6,3,965,s+,58,maneuver_collabo,11,8,3,7,3,1075,s+,88
2018-02-22T10:00:00+00:00,2.2.2,gachi,standard,hoko,manta,300,alpha,FALSE,dynamo,17,13,4,3,3,812,s+,74,sputtery_hue,8,4,4,3,1,874,s+,84,nzap85,6,5,1,6,2,1036,s+,81,screwslosher,10,6,4,7,2,963,s+,71,dualsweeper,6,4,2,9,4,971,s+,35,bottlegeyser,5,3,2,6,5,980,s+,67,sshooter,10,7,3,8,3,784,s+,55,sshooter,5,5,0,9,2,742,s+,71
2018-02-22T10:00:00+00:00,2.2.2,regular,standard,nawabari,chozame,180,bravo,FALSE,prime,3,2,1,1,4,1088,,69,nzap89,3,2,1,2,2,541,,13,wakaba,5,5,0,4,3,949,,56,variableroller,3,2,1,3,1,401,,24,variableroller_foil,3,3,0,5,1,610,,37,splatcharger,3,3,0,2,1,745,,18,momiji,4,1,3,4,3,1027,,70,splatscope_collabo,1,1,0,1,2,695,,55
2018-02-22T12:00:00+00:00,2.2.2,gachi,standard,yagura,engawa,305,bravo,FALSE,nzap85,7,5,2,11,2,870,s+,65,wakaba,5,4,1,11,4,938,s+,66,96gal_deco,15,13,2,5,4,1012,s+,69,dynamo,9,6,3,9,3,1021,s+,58,sshooter,14,13,1,9,3,1086,s+,92,splatroller,7,3,4,8,2,698,s+,76,prime_collabo,16,14,2,7,4,1114,s+,76,rapid_elite,12,5,7,5,5,1154,s+,72
2018-02-22T12:00:00+00:00,2.2.2,gachi,standard,yagura,engawa,300,bravo,FALSE,dynamo,7,5,2,8,1,596,s+,74,clashblaster,11,8,3,5,3,928,s+,73,heroblaster_replica,9,5,4,7,3,1063,s+,55,screwslosher_neo,7,5,2,10,2,972,s+,86,bucketslosher_deco,10,10,0,3,5,1329,s+,70,promodeler_rg,10,8,2,5,7,1437,s+,63,rapid,7,7,0,9,2,839,s+,64,hotblaster,7,4,3,8,1,615,s+,116
2018-02-22T12:00:00+00:00,2.2.2,regular,standard,nawabari,hokke,180,bravo,FALSE,prime,4,3,1,1,4,1096,,69,pablo,5,4,1,1,3,691,,62,pablo,2,2,0,6,0,352,,27,parashelter,5,2,3,2,2,848,,43,sputtery_hue,1,0,1,1,3,1138,,31,wakaba,6,5,1,4,2,708,,57,splatroller,4,4,0,4,1,606,,62,promodeler_mg,2,1,1,2,2,834,,67
2018-02-22T12:00:00+00:00,2.2.2,regular,standard,nawabari,zatou,180,alpha,FALSE,prime,6,3,3,1,3,924,,69,promodeler_mg,0,0,0,1,4,1181,,67,splatscope_collabo,1,1,0,2,1,376,,27,sputtery_hue,6,5,1,3,2,902,,43,wakaba,2,2,0,3,3,852,,57,splatroller,1,1,0,3,2,702,,62,l3reelgun_d,1,1,0,2,2,681,,62,dynamo_tesla,3,2,1,1,3,920,,41
2018-02-22T12:00:00+00:00,2.2.2,gachi,standard,yagura,devon,306,alpha,FALSE,nzap85,14,11,3,8,3,840,s+,65,carbon,8,8,0,7,4,866,s+,87,longblaster,14,12,2,7,3,1017,s+,67,nova,6,4,2,9,4,723,s+,53,sputtery,14,12,2,7,4,1178,s+,71,hotblaster,14,13,1,10,1,661,s+,69,jetsweeper,7,2,5,9,3,829,s+,68,liter4k_scope,5,4,1,9,3,818,s+,66
2018-02-22T12:00:00+00:00,2.2.2,regular,standard,nawabari,hokke,180,alpha,FALSE,prime,4,3,1,3,2,825,,69,wakaba,2,1,1,2,3,866,,57,promodeler_mg,2,2,0,2,3,816,,67,sshooter,2,1,1,4,0,614,,65,screwslosher_neo,8,6,2,5,2,696,,43,dynamo_tesla,7,3,4,1,3,871,,41,splatroller,3,2,1,0,2,1193,,78,hotblaster,0,0,0,1,0,0,,29
2018-02-22T12:00:00+00:00,2.2.2,gachi,standard,yagura,devon,301,alpha,FALSE,nzap85,21,15,6,7,4,1132,s+,65,screwslosher_neo,23,15,8,8,1,683,s+,63,hokusai_hue,12,10,2,8,3,559,s+,102,splatscope,8,6,2,8,0,766,s+,78,splatroller,11,11,0,13,1,744,s+,73,bucketslosher,9,3,6,12,1,718,s+,61,heroshooter_replica,10,8,2,12,1,814,s+,56,splatscope,11,8,3,9,1,601,s+,55
2018-02-22T12:00:00+00:00,2.2.2,regular,standard,nawabari,zatou,180,bravo,FALSE,prime,8,4,4,3,3,920,,69,herocharger_replica,3,3,0,6,1,568,,55,nzap85,7,4,3,3,3,992,,9,dynamo_tesla,6,5,1,4,1,485,,56,wakaba,5,4,1,6,2,891,,59,bold,2,1,1,4,2,900,,58,nzap85,4,1,3,5,1,609,,22,splatcharger,11,9,2,2,2,705,,37
2018-02-22T12:00:00+00:00,2.2.2,regular,standard,nawabari,zatou,180,alpha,FALSE,prime,8,7,1,2,4,1001,,69,screwslosher_neo,6,4,2,6,1,639,,55,heroroller_replica,7,7,0,2,3,676,,39,splatcharger,3,1,2,2,1,511,,54,nzap85,4,3,1,4,1,692,,22,hokusai,2,0,2,7,0,536,,25,longblaster,7,5,2,2,2,789,,48,heroroller_replica,5,4,1,6,0,560,,48
2018-02-22T12:00:00+00:00,2.2.2,gachi,standard,yagura,engawa,290,alpha,TRUE,nzap85,13,10,3,9,3,1014,s+,65,rapid,5,4,1,6,3,1006,s+,110,campingshelter,6,4,2,8,3,793,s+,64,splatroller,16,16,0,5,6,1264,s+,72,hotblaster,15,11,4,7,1,792,s+,71,sshooter,9,7,2,11,0,1027,s+,30,rapid_elite,7,5,2,7,3,963,s+,71,herocharger_replica,7,5,2,10,2,694,s+,61
2018-02-22T12:00:00+00:00,2.2.2,gachi,standard,yagura,devon,162,bravo,TRUE,nzap85,6,6,0,6,0,468,s+,65,heroblaster_replica,5,4,1,9,0,405,s+,68,splatscope,2,2,0,4,3,638,s+,68,rapid,4,1,3,8,1,429,s+,39,barrelspinner,13,12,1,5,1,714,s+,110,maneuver_collabo,7,4,3,4,3,559,s+,81,rapid,7,4,3,4,1,474,s+,69,hissen,10,7,3,1,3,456,s+,78
2018-02-22T12:00:00+00:00,2.2.2,gachi,standard,yagura,devon,303,bravo,FALSE,nzap85,8,8,0,11,2,892,s+,65,wakaba,7,1,6,12,3,1226,s+,75,jetsweeper_custom,8,7,1,9,2,812,s+,79,heroblaster_replica,7,7,0,13,1,622,s+,68,sshooter,22,20,2,4,5,1227,s+,109,splatcharger,13,8,5,6,3,718,s+,87,sputtery_hue,17,14,3,5,5,957,s+,121,heromaneuver_replica,5,3,2,8,5,1004,s+,91
2018-02-22T12:00:00+00:00,2.2.2,gachi,standard,yagura,engawa,146,alpha,TRUE,nzap85,7,4,3,4,2,602,s+,65,dynamo,9,5,4,3,2,498,s+,121,rapid,4,3,1,3,2,525,s+,71,splatroller,8,8,0,1,2,567,s+,72,longblaster,6,5,1,6,1,434,s+,91,96gal,1,0,1,7,1,470,s+,94,splatspinner,5,4,1,4,2,587,s+,76,heroroller_replica,2,2,0,3,0,567,s+,63
2018-02-22T12:00:00+00:00,2.2.2,gachi,standard,yagura,engawa,359,alpha,TRUE,splatcharger,13,11,2,7,3,910,s+,74,splatroller,9,8,1,9,4,1095,s+,52,nzap85,7,3,4,12,3,1078,s+,74,splatroller,20,19,1,15,2,719,s+,74,heroroller_replica,13,12,1,14,3,890,s+,61,hotblaster,19,17,2,7,4,1013,s+,79,squiclean_a,11,5,6,11,3,686,s+,62,splatscope,10,9,1,9,2,1045,s+,65
2018-02-22T12:00:00+00:00,2.2.2,gachi,standard,yagura,devon,300,alpha,FALSE,nzap85,8,6,2,10,2,918,s+,65,splatroller,14,13,1,6,3,1110,s+,97,hotblaster,10,8,2,10,1,608,s+,52,splatcharger,4,4,0,5,2,585,s+,83,splatroller,15,9,6,10,0,464,s+,45,maneuver_collabo,10,8,2,9,4,969,s+,47,splatcharger,7,6,1,4,2,807,s+,63,nzap85,11,8,3,8,4,1046,s+,97
2018-02-22T12:00:00+00:00,2.2.2,gachi,standard,yagura,devon,300,bravo,FALSE,sshooter,8,6,2,11,2,723,a,53,heroroller_replica,6,5,1,8,3,760,a+,87,liter4k,10,8,2,3,4,883,a,43,nova,10,7,3,9,3,678,a,38,dualsweeper,12,11,1,4,6,834,a,54,nzap85,13,9,4,9,3,925,a-,31,sputtery,10,7,3,8,3,711,a+,43,jetsweeper_custom,7,4,3,5,4,654,a,65
2018-02-22T12:00:00+00:00,2.2.2,gachi,standard,yagura,devon,300,bravo,FALSE,nzap85,18,13,5,7,3,850,s+,65,hotblaster,8,6,2,9,2,738,s+,86,splatscope,11,7,4,5,4,897,s+,18,screwslosher_neo,7,4,3,9,2,884,s+,87,wakaba,10,2,8,8,6,1245,s+,91,bucketslosher_deco,14,13,1,7,4,1024,s+,110,splatroller,13,11,2,8,2,702,s+,45,l3reelgun_d,6,4,2,8,3,690,s+,136
2018-02-22T12:00:00+00:00,2.2.2,gachi,standard,yagura,devon,303,alpha,FALSE,nzap85,9,6,3,7,3,798,s+,65,bucketslosher_deco,13,9,4,8,3,1191,s+,110,splatroller,9,6,3,6,0,675,s+,45,splatroller,16,13,3,5,5,1028,s+,66,hotblaster,13,12,1,13,2,718,s+,95,splatroller,5,4,1,8,2,927,s+,48,hissen,16,9,7,5,6,1211,s+,54,prime_collabo,4,1,3,8,3,943,s+,65
2018-02-22T12:00:00+00:00,2.2.2,gachi,standard,yagura,engawa,305,alpha,FALSE,hotblaster,18,15,3,8,2,866,a+,66,splatroller_collabo,13,13,0,10,2,915,a+,98,bottlegeyser,16,10,6,4,3,791,a,103,52gal,14,7,7,8,0,494,a+,50,splatroller,11,11,0,12,2,681,a,70,splatroller,8,7,1,15,0,520,a,57,splatcharger,7,5,2,8,2,840,a,29,sshooter,6,6,0,11,2,1050,a+,53
2018-02-22T12:00:00+00:00,2.2.2,gachi,standard,yagura,devon,161,alpha,TRUE,hotblaster,15,14,1,1,3,583,a+,66,nzap89,7,5,2,2,4,798,a+,77,96gal,5,3,2,5,2,453,a-,28,splatcharger,4,3,1,5,1,353,a,29,prime_collabo,2,1,1,7,1,511,a+,38,sshooter,5,4,1,6,0,487,a,59,splatroller,5,5,0,4,1,685,a-,26,hotblaster,4,3,1,8,0,414,a+,76
2018-02-22T12:00:00+00:00,2.2.2,gachi,standard,yagura,devon,324,bravo,FALSE,hotblaster,14,9,5,10,3,825,a+,66,nzap85,12,9,3,10,2,993,a+,70,wakaba,8,4,4,9,5,1383,a-,50,prime,9,6,3,5,5,844,a,55,sputtery,10,9,1,10,2,821,a,26,splatroller,11,10,1,7,4,883,a+,61,nzap85,13,7,6,5,6,1317,a+,82,longblaster,12,8,4,7,4,887,a,76
2018-02-22T12:00:00+00:00,2.2.2,gachi,squad_4,area,hakofugu,243,bravo,TRUE,nzap85,8,7,1,8,2,936,s+,65,bucketslosher_deco,8,5,3,6,5,959,s+,54,parashelter,8,6,2,7,2,892,s+,77,splatcharger_collabo,3,3,0,5,2,745,s+,54,nzap85,14,7,7,3,5,1234,s+,72,barrelspinner,12,11,1,6,4,865,s+,89,hotblaster,10,6,4,7,3,597,s+,102,rapid,8,2,6,6,2,775,s+,69
2018-02-22T12:00:00+00:00,2.2.2,gachi,standard,yagura,devon,300,bravo,FALSE,hotblaster,10,8,2,9,3,869,a+,66,parashelter,11,7,4,12,2,709,a-,20,bottlegeyser,10,9,1,8,2,663,a+,62,barrelspinner,8,5,3,7,2,847,a+,62,nova,18,18,0,7,4,685,a,39,nzap85,13,10,3,9,3,932,a+,89,barrelspinner_deco,3,1,2,7,5,858,a+,32,splatscope,7,6,1,6,1,773,a,30
2018-02-22T12:00:00+00:00,2.2.2,gachi,squad_4,area,hakofugu,154,alpha,TRUE,sshooter,3,2,1,4,2,606,s+,65,splatcharger_collabo,5,5,0,0,3,644,s+,54,hotblaster,5,4,1,6,1,418,s+,77,sputtery,4,4,0,3,2,550,s+,54,sshooter,7,6,1,4,2,645,s+,84,hokusai,4,4,0,4,3,530,s+,95,soytuber_custom,3,2,1,3,2,426,s+,55,nzap85,1,1,0,4,2,583,s,75
2018-02-22T12:00:00+00:00,2.2.2,gachi,standard,yagura,devon,312,alpha,FALSE,hotblaster,11,10,1,5,4,1064,a+,66,nzap85,11,6,5,6,3,1094,a+,38,pablo,13,12,1,10,3,1384,a,69,hissen,12,10,2,9,2,772,a+,31,sputtery,6,4,2,10,3,1327,a,27,herocharger_replica,4,4,0,10,1,643,a+,76,nzap85,17,12,5,9,3,1058,a+,92,hissen,14,10,4,9,3,985,a+,75
2018-02-22T12:00:00+00:00,2.2.2,gachi,squad_4,area,hakofugu,104,alpha,TRUE,sshooter,2,0,2,2,1,371,s+,65,maneuver_collabo,9,8,1,1,2,548,s+,54,hotblaster,5,5,0,3,1,442,s+,77,splatcharger_collabo,1,1,0,1,1,368,s+,54,rapid,3,0,3,4,1,394,s+,59,carbon,3,3,0,3,1,380,s+,76,pablo,2,2,0,2,2,399,s+,70,splatcharger,2,2,0,5,0,287,s+,77
2018-02-22T14:00:00+00:00,2.2.2,regular,standard,nawabari,fujitsubo,180,bravo,FALSE,bucketslosher_deco,9,7,2,3,2,878,,77,nzap85,4,4,0,3,2,886,,31,splatcharger_collabo,1,1,0,1,2,594,,74,herospinner_replica,4,2,2,2,4,891,,105,dynamo,4,3,1,2,2,697,,76,liter4k,4,2,2,4,2,629,,70,bold,2,1,1,4,2,800,,39,52gal_deco,3,3,0,4,2,969,,79
2018-02-22T14:00:00+00:00,2.2.2,gachi,squad_4,hoko,manta,201,alpha,TRUE,sshooter,9,5,4,4,2,773,s+,65,hotblaster,15,12,3,4,2,614,s+,77,splatscope_collabo,6,5,1,3,4,1023,s+,54,splatspinner,6,6,0,6,1,650,s+,54,hotblaster,10,6,4,9,0,533,s+,86,prime_collabo,8,4,4,6,2,675,a,48,barrelspinner,5,4,1,6,2,787,s+,72,rapid_elite,5,3,2,7,1,396,s,82
2018-02-22T14:00:00+00:00,2.2.2,gachi,standard,area,gangaze,181,bravo,TRUE,hotblaster,5,4,1,3,2,756,a+,66,sshooter,3,3,0,4,2,758,a+,65,heromaneuver_replica,2,1,1,3,4,823,a-,66,sshooter,6,4,2,6,1,616,a+,56,hotblaster,5,2,3,5,1,371,a+,95,momiji,5,2,3,2,3,863,a+,150,sshooter,6,3,3,4,0,778,a,90,splatroller,10,9,1,1,4,991,a,53
2018-02-22T14:00:00+00:00,2.2.2,gachi,squad_4,hoko,manta,90,bravo,TRUE,sshooter,6,5,1,2,1,468,s+,65,hotblaster,8,5,3,4,1,282,s+,77,splatspinner,3,2,1,3,1,384,s+,54,splatscope,0,0,0,2,1,309,s+,54,nzap85,5,4,1,4,1,379,s+,111,52gal_deco,4,4,0,4,0,428,s+,79,maneuver_collabo,3,1,2,2,1,404,s+,112,bold,2,2,0,4,0,235,s+,95
2018-02-22T14:00:00+00:00,2.2.2,gachi,standard,area,chozame,174,bravo,TRUE,hotblaster,4,3,1,1,3,633,a+,66,jetsweeper,3,2,1,5,3,812,a,35,wakaba,7,6,1,6,3,721,a+,31,prime_collabo,5,4,1,5,1,591,a+,53,prime_collabo,5,3,2,4,2,636,a+,34,splatroller,7,7,0,5,2,502,a,58,bucketslosher,6,4,2,4,2,679,a,30,sputtery_hue,4,3,1,2,3,958,a-,46
2018-02-22T14:00:00+00:00,2.2.2,gachi,squad_4,hoko,manta,316,alpha,FALSE,sshooter,9,5,4,7,4,1266,s+,65,hissen,13,11,2,9,4,969,s+,54,splatcharger,11,9,2,9,1,818,s+,54,maneuver_collabo,10,9,1,10,3,953,s+,77,sharp,14,12,2,9,2,933,s+,71,prime_collabo,10,8,2,7,3,1228,s+,62,barrelspinner,9,6,3,7,2,1054,a,85,splatroller,7,6,1,11,0,726,s+,59
2018-02-22T14:00:00+00:00,2.2.2,gachi,standard,area,chozame,93,bravo,TRUE,hotblaster,0,0,0,3,0,254,a+,66,prime,1,1,0,3,2,407,a-,33,screwslosher,1,1,0,2,1,369,a,24,nzap89,1,1,0,5,0,260,a-,24,sshooter,6,6,0,2,1,409,a+,61,jetsweeper_custom,3,2,1,0,2,352,a,45,herospinner_replica,3,0,3,1,1,269,a+,54,splatroller,6,5,1,0,2,359,a+,79
2018-02-22T14:00:00+00:00,2.2.2,gachi,standard,area,chozame,146,alpha,TRUE,hotblaster,6,5,1,1,2,540,a+,66,liter4k,3,3,0,2,1,301,a-,27,sputtery_hue,3,0,3,2,2,598,a,42,maneuver_collabo,4,4,0,4,0,307,a+,46,rapid_deco,4,4,0,3,1,521,a-,34,sputtery_hue,3,2,1,5,1,255,a+,57,sshooter,0,0,0,0,0,0,a+,89,momiji,4,3,1,4,3,647,a,78
2018-02-22T14:00:00+00:00,2.2.2,gachi,standard,area,chozame,312,bravo,FALSE,hotblaster,9,9,0,9,3,959,a+,66,wakaba,11,5,6,5,8,1495,a-,69,nova,7,6,1,11,2,741,a+,57,prime_collabo,3,2,1,7,3,977,a+,72,splatroller,13,10,3,6,4,1120,a+,39,herocharger_replica,5,4,1,6,4,963,a+,34,nzap89,10,9,1,4,6,1199,a+,73,pablo,10,8,2,6,3,1231,a,79
2018-02-22T14:00:00+00:00,2.2.2,gachi,squad_4,hoko,arowana,308,alpha,FALSE,screwslosher_neo,7,3,4,8,2,713,s+,65,sshooter_collabo,17,16,1,5,2,802,s+,54,liter4k,11,8,3,6,5,1025,s+,54,parashelter,8,5,3,9,4,1136,s+,77,maneuver_collabo,12,12,0,6,4,1059,s+,67,heroshooter_replica,9,9,0,8,0,772,s+,62,splatcharger_collabo,5,4,1,8,3,904,s+,62,splatroller,2,2,0,11,0,775,s+,68
2018-02-22T14:00:00+00:00,2.2.2,gachi,standard,area,gangaze,300,bravo,FALSE,sshooter,6,3,3,9,3,1140,s,53,nzap85,8,3,5,9,5,1272,s,63,screwslosher_neo,11,9,2,6,5,1197,s,66,pablo,9,9,0,8,3,0,s,75,sshooter,14,13,1,4,4,1096,s,46,squiclean_a,12,7,5,6,5,1298,s,52,jetsweeper_custom,6,3,3,5,2,1292,s,54,clashblaster,12,9,3,9,2,716,s,30
2018-02-22T14:00:00+00:00,2.2.2,gachi,standard,area,gangaze,127,alpha,TRUE,hotblaster,7,4,3,1,2,523,a+,66,bold,6,6,0,3,2,656,a,22,nzap85,4,3,1,1,2,484,a+,98,splatcharger,6,4,2,0,3,572,a+,65,liter4k_scope,2,1,1,4,2,547,a+,72,dualsweeper,2,2,0,4,2,598,a-,34,52gal_deco,2,2,0,4,0,505,a+,76,nzap85,1,0,1,5,1,511,a+,46
2018-02-22T14:00:00+00:00,2.2.2,gachi,squad_4,hoko,arowana,300,alpha,FALSE,screwslosher_neo,8,3,5,8,3,688,s+,65,longblaster,11,9,2,5,3,884,s+,55,sshooter_collabo,10,8,2,3,3,988,s+,54,herocharger_replica,4,4,0,5,3,836,s+,77,nzap85,9,7,2,6,2,1057,s+,84,prime_collabo,7,7,0,7,2,776,s+,53,sshooter_collabo,5,3,2,7,1,608,s+,92,barrelspinner,4,4,0,4,4,1089,s+,89
2018-02-22T14:00:00+00:00,2.2.2,gachi,standard,area,gangaze,300,alpha,FALSE,sshooter,9,7,2,6,5,1473,s,53,jetsweeper_custom,7,4,3,4,4,1243,s,54,promodeler_mg,5,4,1,5,9,2151,s,127,splatroller,15,14,1,7,3,802,s,59,prime_collabo,3,2,1,6,5,1387,s,80,wakaba,7,4,3,8,5,1355,s,59,nzap85,14,14,0,8,6,1478,s,54,sputtery,2,2,0,7,7,1466,s,59
2018-02-22T14:00:00+00:00,2.2.2,gachi,standard,area,chozame,84,bravo,TRUE,hotblaster,0,0,0,3,0,327,a+,67,nzap85,2,2,0,3,1,410,a+,76,bucketslosher_deco,0,0,0,0,0,0,a-,75,momiji,2,1,1,4,1,361,a+,114,wakaba,4,2,2,0,2,418,a+,50,clashblaster,2,2,0,3,0,194,a-,31,bucketslosher,4,4,0,0,1,267,a,55,sshooter,3,2,1,0,1,363,a+,83
2018-02-22T14:00:00+00:00,2.2.2,gachi,standard,area,gangaze,300,bravo,FALSE,hotblaster,8,8,0,10,4,975,a+,67,nzap85,6,5,1,7,4,1494,a+,55,splatscope,2,0,2,6,5,1066,a,64,wakaba,5,3,2,2,7,1331,a+,85,prime,10,8,2,5,4,1129,a+,68,liter4k_scope,5,2,3,3,4,1168,a-,36,nzap85,9,4,5,4,5,1296,a+,68,sputtery_hue,14,11,3,4,5,1081,a+,47
2018-02-22T14:00:00+00:00,2.2.2,gachi,squad_4,hoko,manta,300,alpha,FALSE,screwslosher_neo,10,5,5,8,2,963,s+,65,parashelter,15,10,5,8,3,1295,s+,78,splatscope,14,11,3,5,2,911,s+,54,longblaster,13,12,1,6,3,829,s+,55,sshooter_collabo,15,13,2,9,2,1134,s+,86,heroshooter_replica,12,8,4,12,1,1036,s+,102,sputtery_hue,4,4,0,10,3,1072,s+,85,screwslosher_neo,4,1,3,8,2,718,s,90
2018-02-22T14:00:00+00:00,2.2.2,gachi,standard,area,gangaze,300,alpha,FALSE,sshooter,6,4,2,6,3,1409,s,53,nzap85,8,5,3,4,5,1341,s,119,barrelspinner,7,7,0,6,2,986,s,110,jetsweeper,3,3,0,6,5,1004,s,67,nzap89,9,8,1,2,5,997,s,68,prime_collabo,3,3,0,7,4,947,s,63,liter4k_scope,4,3,1,3,6,1526,s,72,sshooter,8,7,1,8,2,1122,s,66
2018-02-22T14:00:00+00:00,2.2.2,gachi,standard,area,gangaze,150,alpha,TRUE,hotblaster,6,3,3,2,1,489,a+,67,screwslosher_neo,4,2,2,2,2,483,a-,80,prime_collabo,3,2,1,2,2,592,a,55,bold,7,7,0,2,3,883,a+,80,screwslosher_neo,4,3,1,2,3,681,a-,61,dynamo_tesla,3,1,2,5,2,324,a-,62,wakaba,2,1,1,3,2,632,a-,80,wakaba,5,3,2,4,3,731,a+,85
2018-02-22T14:00:00+00:00,2.2.2,gachi,squad_4,hoko,arowana,309,alpha,FALSE,screwslosher_neo,7,5,2,7,4,982,s+,65,splatscope,16,14,2,3,5,1153,s+,54,longblaster,12,9,3,9,2,757,s+,55,parashelter,10,8,2,10,3,1071,s+,78,nzap85,15,11,4,7,4,1092,s+,64,wakaba,10,8,2,9,3,945,s+,64,splatroller,9,7,2,9,1,913,s+,59,parashelter,5,2,3,11,2,1058,s+,106
2018-02-22T14:00:00+00:00,2.2.2,gachi,standard,area,chozame,149,bravo,TRUE,hotblaster,4,4,0,2,3,501,a+,67,wakaba,6,4,2,4,2,569,a-,49,sputtery_hue,3,2,1,5,1,378,a-,44,prime_collabo,4,4,0,5,1,616,a,59,bold,3,2,1,5,0,584,a,49,splatspinner,8,7,1,1,3,748,a,72,nzap85,6,4,2,5,1,465,a+,74,bold,6,3,3,4,1,525,a-,59
2018-02-22T14:00:00+00:00,2.2.2,gachi,standard,area,gangaze,223,bravo,TRUE,sshooter,8,6,2,5,3,1021,s,53,squiclean_a,7,5,2,6,3,619,s,60,nzap85,5,3,2,4,4,955,s,65,dualsweeper,8,6,2,6,2,885,s,62,52gal_deco,7,6,1,4,0,775,s,68,wakaba,6,3,3,5,4,1190,s,43,sshooter,4,3,1,4,2,805,s,52,heroroller_replica,10,9,1,7,2,837,s,62
2018-02-22T14:00:00+00:00,2.2.2,gachi,standard,area,gangaze,191,alpha,TRUE,hotblaster,7,5,2,5,2,586,a+,67,prime,9,3,6,0,4,898,a+,47,maneuver_collabo,10,9,1,3,2,936,a-,38,nzap85,8,6,2,3,2,723,a-,45,prime_collabo,2,2,0,6,1,728,a+,72,nzap85,3,2,1,5,3,941,a,82,splatroller,2,2,0,7,2,570,a-,32,nzap85,6,5,1,5,2,867,a,21
2018-02-22T14:00:00+00:00,2.2.2,gachi,squad_4,hoko,arowana,300,alpha,FALSE,screwslosher_neo,6,5,1,5,3,872,s+,65,herocharger_replica,13,13,0,1,4,898,s+,54,parashelter,10,7,3,6,3,1133,s+,78,longblaster,7,5,2,4,2,808,s+,55,screwslosher,8,6,2,7,4,891,s+,71,sshooter,6,5,1,5,3,787,s+,79,heroblaster_replica,5,5,0,10,2,678,s+,79,bold,2,0,2,8,2,1248,s+,86
2018-02-22T14:00:00+00:00,2.2.2,gachi,standard,area,chozame,193,bravo,TRUE,hotblaster,7,6,1,1,3,692,a+,67,bold,3,2,1,6,2,757,a+,57,bold,1,0,1,7,1,546,a,42,nzap85,4,3,1,5,3,915,a,82,nzap85,5,3,2,4,2,682,a+,79,momiji,10,9,1,1,4,1069,a+,75,hotblaster,5,2,3,4,1,468,a+,57,heroroller_replica,6,5,1,2,3,749,a+,71
2018-02-22T14:00:00+00:00,2.2.2,regular,standard,nawabari,hakofugu,180,bravo,FALSE,bamboo14mk1,2,2,0,3,2,641,,61,nova,9,6,3,2,2,778,,88,maneuver,1,1,0,4,4,924,,69,splatscope,4,4,0,2,2,858,,46,parashelter,6,6,0,4,1,717,,74,nzap85,4,2,2,3,3,983,,74,sshooter,2,2,0,2,3,1011,,69,nzap89,3,1,2,4,1,611,,65
2018-02-22T14:00:00+00:00,2.2.2,gachi,standard,area,chozame,324,alpha,FALSE,maneuver_collabo,10,9,1,6,5,1360,s+,78,hotblaster,8,5,3,8,3,662,s+,65,liter4k_scope,12,10,2,4,6,1310,s+,71,sharp,13,7,6,6,5,1184,s+,92,dynamo_tesla,7,5,2,12,1,804,s+,101,soytuber,4,3,1,5,6,1268,s+,73,maneuver_collabo,11,9,2,6,5,1330,s+,63,96gal,9,7,2,8,5,997,s+,66
2018-02-22T14:00:00+00:00,2.2.2,gachi,standard,area,chozame,169,alpha,TRUE,hotblaster,5,2,3,6,1,472,a+,67,sshooter,7,7,0,2,3,915,a+,76,wakaba,5,3,2,3,3,865,a+,60,wakaba,7,3,4,0,3,573,a+,54,dualsweeper,4,3,1,4,3,685,a,114,sshooter_collabo,4,3,1,3,2,604,a+,77,sputtery,3,3,0,5,2,685,a,56,momiji,3,2,1,4,3,1020,a,52
2018-02-22T14:00:00+00:00,2.2.2,regular,standard,nawabari,hakofugu,180,alpha,FALSE,nzap85,7,5,2,2,3,856,,65,parashelter,3,3,0,4,2,679,,63,nova,8,6,2,1,1,599,,52,nzap89,6,3,3,3,2,723,,46,hissen,4,3,1,5,1,614,,61,hissen,4,3,1,3,2,689,,41,splatroller,4,3,1,8,0,430,,51,splatcharger,3,1,2,1,4,943,,40
2018-02-22T14:00:00+00:00,2.2.2,gachi,squad_4,hoko,manta,306,alpha,FALSE,screwslosher,15,9,6,4,4,1031,s+,65,herocharger_replica,17,14,3,3,3,957,s+,54,parashelter,14,13,1,8,4,1153,s+,78,longblaster,12,7,5,7,3,880,s+,55,bucketslosher_deco,12,9,3,10,4,1590,s+,83,dynamo,8,7,1,11,0,700,s+,82,nzap85,7,5,2,13,2,1042,s+,38,splatroller,0,0,0,10,0,615,c+,21
2018-02-22T14:00:00+00:00,2.2.2,gachi,standard,area,chozame,222,alpha,TRUE,longblaster,10,7,3,5,2,720,s+,81,promodeler_rg,8,5,3,1,5,1103,s+,67,prime_collabo,12,8,4,6,3,796,s+,95,splatscope,6,6,0,1,3,742,s+,72,hotblaster,6,4,2,10,0,375,s+,90,sputtery,5,3,2,7,3,942,s+,87,prime_collabo,4,4,0,4,4,1036,s+,87,splatscope,1,1,0,5,3,672,s+,72
2018-02-22T14:00:00+00:00,2.2.2,regular,standard,nawabari,fujitsubo,180,alpha,FALSE,bamboo14mk1,2,2,0,0,5,1076,,61,prime_collabo,8,6,2,3,2,863,,26,heromaneuver_replica,3,2,1,4,1,604,,34,maneuver,5,3,2,2,3,846,,50,squiclean_a,3,3,0,4,2,646,,79,nzap89,2,0,2,3,2,748,,36,wakaba,5,4,1,3,2,893,,58,bamboo14mk1,3,2,1,3,4,995,,63
2018-02-22T14:00:00+00:00,2.2.2,gachi,standard,area,gangaze,324,bravo,FALSE,dualsweeper,8,7,1,2,9,1577,s+,69,screwslosher_neo,11,6,5,9,4,1145,s+,103,heroshelter_replica,6,5,1,7,3,1205,s+,79,splatroller_collabo,6,6,0,6,5,972,s+,78,splatroller,6,5,1,5,7,1483,s+,67,h3reelgun,10,2,8,6,6,1124,s+,72,heroblaster_replica,11,8,3,7,5,1048,s+,78,splatroller,12,9,3,6,5,1204,s+,15
2018-02-22T14:00:00+00:00,2.2.2,regular,standard,nawabari,hakofugu,180,bravo,,prime_collabo,4,3,1,3,3,916,,85,wakaba,1,0,1,4,2,765,,71,splatroller,5,5,0,4,2,620,,45,parashelter,8,8,0,7,1,608,,43,sputtery_hue,1,1,0,5,3,894,,45,sshooter,7,6,1,4,2,809,,54,nzap85,6,3,3,5,1,730,,104,nova,8,8,0,2,0,678,,46
2018-02-22T14:00:00+00:00,2.2.2,gachi,squad_4,hoko,arowana,300,bravo,FALSE,heroroller_replica,8,8,0,7,1,917,s+,78,nzap85,8,7,1,8,1,903,a,77,screwslosher,8,6,2,10,1,675,s+,105,splatscope_collabo,2,2,0,6,2,1126,s+,88,dynamo_tesla,12,5,7,4,5,1073,b,67,hotblaster,16,11,5,7,4,886,a+,56,screwslosher,16,11,5,3,4,1003,s+,68,maneuver_collabo,6,4,2,9,1,859,s,75
2018-02-22T14:00:00+00:00,2.2.2,gachi,standard,area,chozame,162,alpha,TRUE,splatroller_collabo,6,6,0,4,1,325,a,40,carbon,7,7,0,4,0,423,a-,33,maneuver,7,6,1,4,0,522,a+,63,promodeler_mg,4,4,0,3,6,1241,a+,82,jetsweeper_custom,2,0,2,4,0,386,a-,33,sputtery,7,7,0,6,2,602,a-,27,52gal_deco,10,6,4,5,2,729,a+,74,maneuver_collabo,2,2,0,8,0,407,a-,44
2018-02-22T14:00:00+00:00,2.2.2,gachi,standard,area,chozame,135,alpha,TRUE,hotblaster,10,7,3,3,1,462,a+,67,sshooter,5,3,2,3,2,559,a+,70,promodeler_mg,5,3,2,4,1,505,a+,69,sshooter_collabo,8,4,4,3,0,495,a+,85,bold,5,5,0,4,1,555,a-,28,maneuver_collabo,3,3,0,4,1,438,a+,69,herocharger_replica,3,2,1,3,1,374,a+,44,sshooter_collabo,3,3,0,6,1,556,a+,75
2018-02-22T14:00:00+00:00,2.2.2,gachi,standard,area,chozame,153,alpha,TRUE,52gal_deco,6,5,1,3,1,561,a,38,promodeler_rg,4,4,0,5,2,628,a+,58,splatroller,8,6,2,3,2,542,a,77,barrelspinner_deco,4,4,0,4,1,490,a+,61,sshooter_collabo,3,3,0,5,0,522,a,78,sshooter,9,5,4,5,2,632,a,53,maneuver,4,1,3,5,0,463,a,46,carbon,6,6,0,4,3,630,a-,119
2018-02-22T14:00:00+00:00,2.2.2,gachi,squad_2,hoko,manta,140,bravo,TRUE,jetsweeper_custom,0,0,0,3,0,449,s,73,pablo,5,4,1,3,1,624,a,65,sshooter,6,5,1,2,1,504,a+,74,prime,1,1,0,5,1,475,s,68,prime,3,2,1,1,2,661,a+,28,herospinner_replica,5,4,1,2,2,397,a+,78,heroroller_replica,3,2,1,5,1,406,a+,79,sputtery,5,5,0,3,1,594,b-,28
2018-02-22T14:00:00+00:00,2.2.2,regular,standard,nawabari,fujitsubo,180,alpha,FALSE,nzap85,12,9,3,0,3,1022,,65,parashelter,2,2,0,5,1,675,,63,splatscope,1,1,0,0,0,687,,41,splatcharger,4,3,1,4,1,603,,40,hissen,2,0,2,3,2,777,,61,nova,3,3,0,3,2,690,,52,hotblaster,3,2,1,4,1,483,,92,nzap89,4,4,0,5,1,766,,59
2018-02-22T14:00:00+00:00,2.2.2,regular,standard,nawabari,fujitsubo,180,bravo,FALSE,prime,7,7,0,3,3,1038,,69,promodeler_mg,1,1,0,4,1,712,,33,variableroller,3,3,0,2,2,575,,58,hissen,2,1,1,2,2,675,,27,splatcharger,4,4,0,2,0,514,,20,maneuver,3,2,1,2,5,1124,,42,maneuver,2,2,0,5,1,611,,16,sshooter,4,3,1,3,2,821,,33
2018-02-22T14:00:00+00:00,2.2.2,gachi,standard,area,gangaze,84,alpha,TRUE,screwslosher_neo,3,1,2,1,1,304,s,76,promodeler_mg,4,4,0,1,2,544,s,58,heroroller_replica,4,3,1,3,0,325,s,81,52gal_deco,3,3,0,0,1,379,s,54,sshooter,0,0,0,3,0,246,s,67,96gal_deco,0,0,0,3,1,312,s,50,variableroller_foil,2,2,0,2,2,392,s,76,52gal_deco,4,3,1,3,2,475,s,65
2018-02-22T14:00:00+00:00,2.2.2,gachi,standard,area,chozame,88,bravo,TRUE,longblaster,1,1,0,2,2,422,s+,81,splatscope,1,1,0,2,2,318,s+,72,barrelspinner_deco,0,0,0,2,3,532,s+,63,sshooter,2,1,1,3,1,375,s+,140,wakaba,6,4,2,1,2,514,s+,51,prime_collabo,5,3,2,1,1,257,s+,63,liter4k_custom,2,1,1,0,1,328,s+,77,campingshelter,2,1,1,1,1,359,s+,98
2018-02-22T14:00:00+00:00,2.2.2,regular,standard,nawabari,hakofugu,180,bravo,FALSE,bamboo14mk1,3,0,3,2,3,816,,61,sputtery_hue,0,0,0,3,4,990,,64,jetsweeper_custom,2,2,0,2,2,598,,66,sharp,5,4,1,5,2,624,,71,heroblaster_replica,4,4,0,2,3,717,,74,bold,1,1,0,2,3,869,,69,bottlegeyser,4,3,1,1,1,627,,71,splatcharger,5,4,1,1,3,807,,23
2018-02-22T14:00:00+00:00,2.2.2,gachi,squad_2,hoko,manta,300,alpha,FALSE,jetsweeper_custom,11,6,5,8,2,896,s+,95,splatroller,9,8,1,7,4,1174,s+,82,nzap89,7,4,3,4,3,1182,b+,50,hissen,6,5,1,8,3,1093,s,70,l3reelgun_d,9,7,2,8,3,1103,s+,62,rapid_elite,9,4,5,5,5,1225,s+,59,sshooter,13,12,1,7,3,1006,s,80,splatscope,5,4,1,3,2,1047,s,60
2018-02-22T14:00:00+00:00,2.2.2,regular,standard,nawabari,fujitsubo,180,alpha,,prime_collabo,6,6,0,0,3,910,,85,sputtery_hue,5,3,2,2,3,875,,45,wakaba,4,1,3,1,3,843,,71,sshooter,6,5,1,3,1,827,,54,bold,1,1,0,4,4,1038,,65,nova,3,3,0,2,2,739,,46,campingshelter,1,1,0,6,2,685,,43,splatroller,1,1,0,3,2,614,,45
2018-02-22T14:00:00+00:00,2.2.2,gachi,standard,area,gangaze,243,bravo,TRUE,hotblaster,7,6,1,4,4,858,a+,67,nova,8,4,4,5,2,755,a,35,dualsweeper,6,3,3,5,4,1052,a,49,sputtery_hue,4,4,0,8,3,893,a-,54,sputtery_hue,4,4,0,5,4,1070,a-,75,longblaster,6,4,2,1,4,1119,a+,58,splatroller,10,10,0,4,4,969,a,56,nzap85,4,4,0,7,2,745,a+,55
2018-02-22T14:00:00+00:00,2.2.2,gachi,squad_2,hoko,arowana,300,bravo,FALSE,jetsweeper_custom,6,4,2,5,0,989,s,73,prime,14,10,4,6,4,1105,s,68,hotblaster,7,6,1,8,2,507,a+,84,squiclean_a,10,9,1,5,4,823,s,47,nzap89,5,5,0,6,1,936,s,66,longblaster,6,5,1,9,2,877,s+,69,heroroller_replica,7,7,0,9,0,546,b+,50,momiji,7,7,0,5,3,1021,s+,75
2018-02-22T14:00:00+00:00,2.2.2,gachi,standard,area,chozame,242,alpha,TRUE,52gal_deco,12,11,1,3,3,1139,a+,38,nzap85,8,3,5,3,5,1294,a,39,pablo,5,4,1,5,3,691,a,45,nova,8,5,3,5,3,771,a+,53,bold,6,4,2,3,7,1222,a,65,splatroller,5,4,1,9,1,557,a,77,dualsweeper,7,4,3,5,5,1194,a-,29,nzap85,4,4,0,6,3,951,a+,57
2018-02-22T14:00:00+00:00,2.2.2,gachi,standard,area,gangaze,280,bravo,TRUE,screwslosher_neo,6,5,1,7,3,1023,s,76,nzap85,7,5,2,6,4,966,s,85,rapid,4,1,3,4,2,897,s,34,barrelspinner_deco,10,10,0,5,4,1166,s,76,nzap89,3,1,2,5,5,1060,s,45,splatroller,13,13,0,4,4,1038,s,58,sputtery_hue,10,6,4,8,4,1101,s,39,rapid,5,2,3,4,3,950,s,55
2018-02-22T14:00:00+00:00,2.2.2,regular,standard,nawabari,hakofugu,180,alpha,FALSE,sshooter,3,1,2,3,1,697,,6,bold,6,6,0,5,2,855,,38,splatroller,4,3,1,5,2,630,,65,heroshooter_replica,6,5,1,5,1,616,,40,sshooter,10,7,3,3,1,524,,50,sshooter,3,3,0,5,1,590,,47,prime,9,5,4,4,2,791,,81,promodeler_mg,5,3,2,3,2,878,,44
2018-02-22T14:00:00+00:00,2.2.2,gachi,standard,area,chozame,304,bravo,FALSE,dualsweeper,9,7,2,3,8,1476,s+,69,parashelter,7,6,1,10,3,1012,s+,77,h3reelgun,4,3,1,6,6,1121,s+,72,maneuver_collabo,7,7,0,7,4,1195,s+,103,96gal,5,2,3,5,5,1238,s+,64,splatroller_collabo,7,6,1,5,6,930,s+,78,dynamo_tesla,12,8,4,7,5,1183,s+,80,sshooter,9,9,0,6,5,1238,s+,140
2018-02-22T14:00:00+00:00,2.2.2,gachi,squad_4,hoko,manta,95,alpha,TRUE,heroroller_replica,2,2,0,1,1,437,s+,78,nzap85,5,3,2,2,1,533,a,77,splatscope_collabo,2,2,0,3,0,441,s+,88,maneuver_collabo,6,5,1,3,2,464,s+,105,bucketslosher,3,2,1,4,1,299,s+,87,nzap85,5,5,0,3,0,392,s+,92,dualsweeper,3,1,2,2,2,617,b-,129,splatcharger,3,1,2,3,0,428,s+,77
2018-02-22T14:00:00+00:00,2.2.2,gachi,squad_4,hoko,arowana,300,alpha,FALSE,rapid_deco,3,1,2,8,4,762,s+,65,sshooter,11,9,2,6,4,1101,s+,55,herocharger_replica,10,9,1,6,3,807,s+,54,parashelter,9,8,1,7,5,1461,s+,78,52gal,15,11,4,7,3,1030,s+,30,longblaster,12,7,5,7,3,991,s+,85,screwslosher,10,6,4,6,2,723,s+,90,nzap85,9,2,7,7,3,1191,s+,81
2018-02-22T14:00:00+00:00,2.2.2,regular,standard,nawabari,hakofugu,180,alpha,FALSE,prime,12,10,2,2,4,1023,,69,promodeler_mg,1,0,1,2,2,686,,33,hissen,5,3,2,1,2,535,,27,bold,3,3,0,4,2,803,,33,splatcharger,3,3,0,2,1,691,,20,sharp,1,1,0,6,1,488,,58,splatscope_collabo,5,5,0,3,3,1104,,42,maneuver,0,0,0,5,1,468,,16
2018-02-22T14:00:00+00:00,2.2.2,gachi,standard,area,gangaze,182,alpha,TRUE,longblaster,2,2,0,5,1,601,s+,81,heromaneuver_replica,5,5,0,1,4,955,s+,83,maneuver_collabo,4,1,3,3,3,814,s+,56,nzap85,8,6,2,1,3,845,s+,78,splatroller,4,3,1,4,2,621,s+,63,wakaba,8,5,3,4,6,1137,s+,109,maneuver_collabo,1,1,0,6,3,757,s+,113,maneuver_collabo,2,1,1,1,4,778,s+,68
2018-02-22T14:00:00+00:00,2.2.2,regular,standard,nawabari,fujitsubo,180,bravo,FALSE,nzap85,7,5,2,2,4,1087,,65,longblaster,4,2,2,3,1,581,,52,liter4k_scope,2,2,0,2,3,864,,30,liter4k_scope,5,3,2,2,2,639,,47,parashelter,4,3,1,4,3,965,,63,campingshelter,3,2,1,3,2,799,,76,promodeler_mg,2,0,2,2,4,951,,61,screwslosher_neo,4,4,0,3,3,829,,74
2018-02-22T14:00:00+00:00,2.2.2,regular,standard,nawabari,fujitsubo,180,bravo,FALSE,bamboo14mk1,2,1,1,3,2,786,,61,bold,3,3,0,1,4,1017,,69,promodeler_rg,2,1,1,3,2,634,,66,sharp,3,3,0,6,1,607,,71,heroblaster_replica,4,4,0,2,2,758,,74,sputtery_hue,4,4,0,4,3,1083,,64,splatcharger,5,5,0,1,1,625,,71,splatcharger,2,0,2,1,3,826,,23
2018-02-22T14:00:00+00:00,2.2.2,regular,standard,nawabari,hakofugu,180,bravo,,prime_collabo,10,8,2,0,4,936,,85,bold,3,2,1,1,3,761,,65,sshooter,7,4,3,1,2,702,,23,nova,7,6,1,3,1,514,,46,sputtery_hue,2,2,0,7,3,928,,45,maneuver_collabo,1,1,0,1,2,807,,46,promodeler_rg,1,1,0,4,2,710,,45,splatspinner,2,1,1,8,1,531,,43
2018-02-22T14:00:00+00:00,2.2.2,gachi,standard,area,chozame,90,alpha,TRUE,sshooter,8,7,1,2,1,503,s,53,splatroller,4,3,1,0,1,367,s,65,momiji,2,0,2,1,1,320,s,62,barrelspinner,4,4,0,0,1,363,s,44,sshooter,1,0,1,4,1,321,s,61,nzap85,1,1,0,5,0,266,s,73,sputtery_hue,1,1,0,2,2,389,s,61,prime,2,1,1,3,1,460,s,87
2018-02-22T14:00:00+00:00,2.2.2,gachi,squad_4,hoko,arowana,249,alpha,TRUE,pablo,6,4,2,7,1,856,s+,78,hotblaster,5,4,1,4,2,710,s+,88,nzap85,9,5,4,6,3,1050,a,77,maneuver_collabo,15,13,2,4,4,1126,s+,105,maneuver_collabo,8,6,2,7,2,823,s+,103,nzap85,14,8,6,6,1,1062,s+,69,jetsweeper,9,4,5,7,4,846,s+,72,hokusai,3,3,0,6,2,549,a-,77
2018-02-22T14:00:00+00:00,2.2.2,gachi,standard,area,gangaze,230,bravo,TRUE,hotblaster,9,6,3,4,3,831,a+,67,nzap85,3,3,0,8,3,852,a,44,splatscope_collabo,1,0,1,2,5,1148,a-,30,sputtery_hue,11,9,2,6,3,1153,a+,59,nzap85,6,3,3,5,4,1063,a+,49,wakaba,5,1,4,3,5,1160,a+,85,hotblaster,12,10,2,5,4,943,a+,54,sputtery_hue,8,6,2,5,3,869,a+,69
2018-02-22T14:00:00+00:00,2.2.2,gachi,squad_2,hoko,manta,38,bravo,TRUE,jetsweeper_custom,1,1,0,2,0,109,s+,95,sshooter,1,0,1,2,0,138,s+,78,splatroller,3,3,0,2,0,212,s+,82,splatcharger,0,0,0,2,0,63,s+,49,nzap89,3,2,1,1,0,235,s+,68,sputtery_hue,3,3,0,1,1,250,s,61,splatroller,3,3,0,1,1,230,s+,41,nzap89,0,0,0,1,0,157,b+,40
2018-02-22T14:00:00+00:00,2.2.2,regular,standard,nawabari,hakofugu,180,alpha,FALSE,prime,5,5,0,2,3,796,,69,prime,8,4,4,0,2,676,,58,splatscope_collabo,1,1,0,1,3,932,,42,maneuver,3,3,0,2,2,543,,16,splatcharger,1,1,0,2,1,709,,20,promodeler_mg,1,1,0,6,1,663,,33,hissen,1,1,0,2,2,631,,27,bold,2,2,0,3,1,834,,33
2018-02-22T14:00:00+00:00,2.2.2,gachi,standard,area,gangaze,300,bravo,FALSE,longblaster,8,5,3,10,4,1064,s+,81,nzap85,5,3,2,7,4,1444,s+,85,nzap85,11,3,8,6,6,1262,s+,78,52gal_deco,8,7,1,7,4,1278,s+,112,heroroller_replica,7,5,2,4,5,1181,s+,103,sshooter,18,15,3,6,3,1073,s+,62,dynamo,8,5,3,3,5,1104,s+,77,nzap85,13,4,9,5,7,1597,s+,115
2018-02-22T14:00:00+00:00,2.2.2,gachi,standard,area,gangaze,107,alpha,TRUE,52gal_deco,2,2,0,0,1,538,a+,38,nzap89,3,1,2,2,1,512,a-,64,splatroller,9,8,1,2,1,483,a-,20,splatcharger,2,2,0,1,1,391,a+,59,maneuver,2,2,0,2,3,615,a,45,nzap89,3,2,1,3,3,537,a,39,nzap85,2,1,1,4,1,329,a+,71,nzap85,0,0,0,4,1,397,a+,41
2018-02-22T14:00:00+00:00,2.2.2,gachi,standard,area,gangaze,208,alpha,TRUE,sshooter,6,5,1,7,2,1000,s,53,heroshelter_replica,2,1,1,6,3,1056,s,61,sshooter,6,6,0,6,2,916,s,71,hokusai_hue,10,8,2,3,4,837,s,55,nzap85,7,3,4,4,5,892,s,41,liter4k,2,2,0,3,3,802,s,69,maneuver,7,6,1,7,3,1035,s,68,nzap85,13,11,2,6,4,1003,s,105
2018-02-22T14:00:00+00:00,2.2.2,regular,standard,nawabari,fujitsubo,180,bravo,FALSE,bamboo14mk1,2,2,0,1,3,833,,61,sputtery_hue,2,1,1,0,3,752,,72,splatcharger,2,1,1,2,1,657,,39,nzap85,6,6,0,4,3,938,,87,herocharger_replica,2,2,0,0,2,664,,80,sputtery_hue,0,0,0,4,2,771,,79,nzap89,3,3,0,3,2,850,,74,nzap89,2,2,0,3,3,874,,63
2018-02-22T14:00:00+00:00,2.2.2,regular,standard,nawabari,hakofugu,180,bravo,,nzap89,2,2,0,1,3,875,,64,promodeler_rg,0,0,0,1,4,1039,,62,carbon,3,3,0,1,3,781,,68,bold,1,0,1,3,2,658,,78,pablo,2,2,0,0,4,982,,51,sputtery,1,1,0,4,3,894,,83,parashelter,1,1,0,1,3,823,,23,screwslosher_neo,3,2,1,0,3,721,,55
2018-02-22T14:00:00+00:00,2.2.2,gachi,squad_2,hoko,arowana,165,alpha,TRUE,jetsweeper_custom,4,1,3,4,0,488,s,73,prime,8,3,5,4,2,628,s,68,hissen,7,7,0,4,2,600,c+,35,sputtery_hue,8,5,3,4,2,573,s,47,nzap85,9,9,0,4,2,710,a,66,maneuver_collabo,4,2,2,3,1,572,c-,22,splatroller,2,2,0,6,0,389,b+,31,herocharger_replica,4,3,1,3,2,541,b+,57
2018-02-22T14:00:00+00:00,2.2.2,gachi,standard,area,chozame,315,alpha,FALSE,dualsweeper,7,3,4,4,8,1467,s+,69,barrelspinner,13,10,3,6,5,1098,s+,60,sshooter,15,12,3,9,2,980,s+,140,hotblaster,16,13,3,9,2,768,s+,90,herocharger_replica,7,5,2,8,3,759,s+,56,splatroller_collabo,10,9,1,9,5,964,s+,78,prime_collabo,6,6,0,10,3,984,s+,96,maneuver_collabo,6,5,1,11,6,1220,s+,88
2018-02-22T14:00:00+00:00,2.2.2,regular,standard,nawabari,fujitsubo,180,alpha,,prime_collabo,5,5,0,3,2,856,,85,bold,2,1,1,1,2,1005,,70,sshooter,4,4,0,2,2,783,,65,liter4k_scope,2,2,0,1,2,666,,57,bold,3,3,0,2,4,1059,,24,liter4k,0,0,0,2,2,848,,62,maneuver,2,0,2,3,2,817,,73,longblaster,4,4,0,5,1,548,,60
2018-02-22T14:00:00+00:00,2.2.2,regular,standard,nawabari,hakofugu,180,alpha,FALSE,nzap85,3,2,1,4,2,651,,65,52gal_deco,3,2,1,2,2,688,,79,screwslosher,11,7,4,1,2,631,,85,sshooter,7,5,2,2,3,849,,50,herocharger_replica,3,1,2,3,2,609,,74,prime_collabo,2,2,0,5,1,557,,83,barrelspinner,6,5,1,3,2,659,,49,jetsweeper_custom,2,1,1,5,2,667,,76
2018-02-22T14:00:00+00:00,2.2.2,gachi,squad_2,hoko,arowana,300,bravo,FALSE,jetsweeper_custom,3,2,1,9,2,733,s+,95,splatroller,7,6,1,7,3,954,s+,82,sputtery_hue,5,5,0,10,2,725,s+,76,wakaba,13,10,3,7,5,1268,s+,110,splatcharger,13,11,2,3,3,908,s+,98,sputtery_hue,12,8,4,10,0,723,s+,81,nzap85,8,5,3,6,4,1179,a+,105,sshooter_collabo,12,9,3,4,3,1075,s+,93
2018-02-22T14:00:00+00:00,2.2.2,gachi,squad_4,hoko,arowana,303,alpha,FALSE,rapid,6,3,3,7,1,894,s+,65,sshooter,13,12,1,7,2,960,s+,55,herocharger_replica,11,9,2,1,4,859,s+,54,parashelter,5,4,1,9,2,1302,s+,78,rapid,12,7,5,6,2,1022,s+,107,sshooter_collabo,10,9,1,10,3,967,s+,88,nzap85,8,5,3,6,3,1216,s+,57,squiclean_a,5,2,3,6,3,647,s+,65
2018-02-22T14:00:00+00:00,2.2.2,gachi,standard,area,gangaze,300,bravo,FALSE,52gal_deco,9,8,1,7,1,1235,a+,38,bold,9,5,4,12,0,978,a+,92,nzap85,14,10,4,9,5,1339,a-,23,momiji,9,5,4,8,6,1683,a+,45,wakaba,17,12,5,7,6,1339,a,52,nzap85,13,8,5,5,5,1518,a+,78,nzap85,13,7,6,8,5,1238,a+,42,hissen,10,8,2,8,3,1187,a+,68
2018-02-22T14:00:00+00:00,2.2.2,gachi,squad_4,hoko,manta,325,alpha,FALSE,pablo,8,7,1,6,3,1135,s+,78,hotblaster,6,6,0,7,3,884,s+,88,nzap85,9,8,1,13,2,1105,a,77,maneuver_collabo,14,11,3,12,3,1324,s+,105,splatscope,13,10,3,4,5,1393,s+,62,bold,14,9,5,12,0,981,s+,56,hotblaster,7,6,1,9,1,736,,36,nzap85,14,11,3,8,3,1258,s+,103
2018-02-22T14:00:00+00:00,2.2.2,regular,standard,nawabari,fujitsubo,180,alpha,FALSE,prime,11,11,0,1,3,897,,69,prime,2,2,0,0,3,705,,20,dualsweeper,4,2,2,3,1,496,,33,splatscope_collabo,3,2,1,2,3,814,,42,nova,1,1,0,5,1,397,,58,maneuver,1,1,0,5,1,551,,16,maneuver,2,1,1,3,2,766,,27,bold,3,3,0,4,2,901,,33
2018-02-22T14:00:00+00:00,2.2.2,gachi,standard,area,chozame,139,alpha,TRUE,hotblaster,7,3,4,3,2,442,a+,67,clashblaster,8,6,2,2,1,282,a,38,bold,9,9,0,1,3,620,a+,33,52gal_deco,5,3,2,0,2,624,a+,74,screwslosher_neo,1,1,0,5,0,395,a-,35,bold,3,3,0,5,2,708,a+,50,sshooter,1,1,0,5,1,469,a,25,nova,1,1,0,6,0,308,a,22
2018-02-22T14:00:00+00:00,2.2.2,gachi,standard,area,gangaze,128,bravo,TRUE,sshooter,1,1,0,4,2,519,s,53,rapid,1,0,1,4,1,464,s,61,nzap85,3,2,1,3,2,652,s,39,splatroller,2,2,0,4,2,506,s,31,liter4k_scope,2,1,1,1,1,419,s,46,heroshooter_replica,7,5,2,2,1,498,s,97,sshooter_collabo,7,4,3,1,2,569,s,60,wakaba,6,5,1,1,3,748,s,67
2018-02-22T14:00:00+00:00,2.2.2,regular,standard,nawabari,hakofugu,180,alpha,,nzap89,4,2,2,0,2,824,,64,sharp,6,6,0,3,0,952,,51,parashelter,3,1,2,4,2,711,,23,pablo,4,4,0,3,1,680,,51,promodeler_rg,1,0,1,2,4,1127,,62,splatroller,6,6,0,4,2,744,,68,bold,1,1,0,5,1,682,,78,herocharger_replica,3,3,0,2,1,622,,80
2018-02-22T14:00:00+00:00,2.2.2,gachi,squad_2,hoko,manta,35,alpha,TRUE,jetsweeper_custom,1,0,1,0,0,134,s,73,prime,1,0,1,1,0,104,s,68,clashblaster,3,3,0,0,1,224,a,68,maneuver_collabo,4,3,1,0,1,212,s+,68,nzap89,0,0,0,2,0,132,b-,34,nzap85,1,1,0,1,0,174,s+,78,sputtery_hue,0,0,0,2,0,52,b+,41,splatcharger,0,0,0,1,0,156,c-,12
2018-02-22T14:00:00+00:00,2.2.2,regular,standard,nawabari,fujitsubo,180,alpha,,prime_collabo,7,7,0,1,3,1132,,85,bold,3,3,0,2,1,1046,,24,nzap89,7,5,2,4,2,831,,67,promodeler_mg,0,0,0,0,0,0,,59,liter4k,3,2,1,2,3,1025,,62,wakaba,3,1,2,2,3,880,,71,bold,2,2,0,6,1,622,,73,longblaster,2,2,0,5,0,456,,60
2018-02-22T14:00:00+00:00,2.2.2,regular,standard,nawabari,fujitsubo,180,bravo,FALSE,nzap85,1,1,0,5,1,786,,65,52gal_deco,5,4,1,2,2,702,,79,screwslosher,3,3,0,1,2,701,,85,sshooter,2,2,0,3,2,826,,50,herocharger_replica,3,3,0,4,2,613,,74,screwslosher_neo,7,6,1,4,2,715,,83,barrelspinner,0,0,0,0,4,783,,49,pablo,3,1,2,2,2,1024,,76
2018-02-22T14:00:00+00:00,2.2.2,gachi,standard,area,gangaze,135,bravo,TRUE,longblaster,4,4,0,3,2,536,s+,81,heroroller_replica,2,2,0,3,3,636,s+,104,nzap85,3,2,1,3,2,629,s+,85,sshooter,2,1,1,4,1,364,s+,73,sshooter,5,3,2,2,2,463,s+,109,hotblaster_custom,4,4,0,3,1,420,s+,90,bold,4,2,2,3,1,377,s+,62,dualsweeper,5,4,1,1,3,853,s+,71
2018-02-22T14:00:00+00:00,2.2.2,regular,standard,nawabari,fujitsubo,180,alpha,FALSE,carbon,6,5,1,5,3,816,,68,heroshooter_replica,4,3,1,2,0,639,,29,splatcharger,3,3,0,4,1,607,,68,pablo_hue,4,2,2,2,3,906,,86,maneuver,8,6,2,3,2,797,,9,96gal,2,2,0,5,1,471,,36,maneuver_collabo,4,4,0,5,0,813,,50,maneuver,2,1,1,0,3,784,,65
2018-02-22T14:00:00+00:00,2.2.2,gachi,standard,area,gangaze,300,alpha,FALSE,dualsweeper,11,4,7,3,7,1523,s+,69,sshooter_collabo,14,11,3,7,4,1264,s+,82,sshooter,15,11,4,5,5,1583,s+,94,bottlegeyser,11,6,5,6,4,879,s+,80,prime_collabo,2,2,0,6,5,1281,s+,88,nzap85,3,1,2,9,4,1268,s+,85,nzap85,16,14,2,9,6,1615,s+,85,hissen,9,4,5,8,3,1011,s+,113
2018-02-22T14:00:00+00:00,2.2.2,regular,standard,nawabari,hakofugu,180,alpha,FALSE,bold,10,9,1,3,2,857,,69,maneuver,10,10,0,0,4,796,,42,maneuver,2,2,0,1,1,451,,27,splatcharger_collabo,1,1,0,4,1,315,,81,nova,3,3,0,4,1,461,,20,dualsweeper,1,0,1,7,0,483,,33,jetsweeper,2,2,0,5,0,306,,58,sshooter,3,3,0,7,1,521,,33
2018-02-22T14:00:00+00:00,2.2.2,gachi,squad_2,hoko,arowana,196,alpha,TRUE,jetsweeper_custom,6,5,1,2,1,736,s,73,prime,10,9,1,3,3,898,s,68,hissen,2,1,1,5,0,456,a-,70,longblaster,10,6,4,4,1,670,s+,80,rapid_deco,6,3,3,4,3,536,b+,38,sshooter,7,5,2,6,1,643,s+,48,carbon,7,4,3,6,3,622,b-,59,dynamo_tesla,3,2,1,6,2,586,a-,68
2018-02-22T14:00:00+00:00,2.2.2,gachi,standard,area,chozame,196,alpha,TRUE,wakaba,4,1,3,3,3,844,s+,77,52gal_deco,7,5,2,4,2,807,s+,96,heromaneuver_replica,8,6,2,2,5,970,s+,64,screwslosher_neo,8,4,4,3,2,652,s+,97,heroslosher_replica,5,3,2,4,4,912,s+,71,pablo,5,5,0,4,4,825,s+,74,splatspinner,2,2,0,6,3,772,s+,78,barrelspinner,3,2,1,2,5,962,s+,147
2018-02-22T14:00:00+00:00,2.2.2,gachi,standard,area,gangaze,161,alpha,TRUE,sshooter,4,4,0,3,1,661,s,53,promodeler_mg,1,1,0,3,3,786,s,101,splatscope_collabo,4,4,0,2,2,774,s,56,splatroller,9,8,1,1,3,778,s,31,bold,5,5,0,6,1,745,s,84,sshooter_collabo,0,0,0,3,1,447,s,75,bold,3,3,0,5,2,798,s,84,sshooter,1,1,0,3,4,858,s,63
2018-02-22T14:00:00+00:00,2.2.2,gachi,squad_2,hoko,arowana,283,alpha,TRUE,jetsweeper_custom,5,4,1,8,1,757,s+,95,splatroller_collabo,9,9,0,6,2,583,s+,82,barrelspinner,9,6,3,5,2,1077,s,54,jetsweeper_custom,14,12,2,8,1,966,s+,103,rapid_elite,8,5,3,9,1,586,s+,51,prime,10,7,3,5,2,704,s+,54,hotblaster,9,8,1,7,1,924,b-,22,hotblaster,8,7,1,10,1,928,s+,114
2018-02-22T14:00:00+00:00,2.2.2,gachi,squad_4,hoko,arowana,74,alpha,TRUE,rapid,1,0,1,1,0,250,s+,65,sshooter,7,6,1,1,1,526,s+,55,herocharger_replica,3,3,0,0,1,225,s+,54,parashelter,1,1,0,2,1,386,s+,78,screwslosher_neo,2,2,0,3,0,190,s,83,herocharger_replica,2,1,1,2,0,207,s+,71,maneuver,1,1,0,2,1,314,s+,82,52gal_deco,0,0,0,3,1,267,s+,51
2018-02-22T14:00:00+00:00,2.2.2,gachi,standard,area,gangaze,131,bravo,TRUE,longblaster,4,4,0,3,2,542,s+,81,jetsweeper_custom,3,2,1,2,3,501,s+,73,heroshooter_replica,3,2,1,3,1,577,s+,58,hotblaster,6,2,4,4,0,323,s+,100,bucketslosher_deco,8,6,2,2,2,475,s+,64,pablo_hue,4,3,1,2,3,603,s+,98,splatscope_collabo,2,2,0,1,2,703,s+,80,dynamo_tesla,4,1,3,5,1,427,s+,96
2018-02-22T14:00:00+00:00,2.2.2,regular,standard,nawabari,hakofugu,180,bravo,,nzap89,4,3,1,1,3,844,,64,dualsweeper,4,3,1,1,4,847,,56,prime,5,3,2,1,2,624,,53,herocharger_replica,4,3,1,3,0,572,,80,bucketslosher_deco,1,1,0,2,3,874,,67,nzap89,3,3,0,3,2,789,,46,splatcharger_collabo,2,2,0,4,2,719,,53,bold,0,0,0,3,1,666,,78
2018-02-22T14:00:00+00:00,2.2.2,regular,standard,nawabari,fujitsubo,180,alpha,FALSE,nzap85,1,1,0,4,2,812,,65,herocharger_replica,6,5,1,2,2,594,,74,sshooter,3,3,0,4,2,881,,50,barrelspinner,3,1,2,1,4,820,,49,52gal_deco,1,1,0,4,1,658,,79,screwslosher,2,2,0,2,1,706,,85,hissen,9,7,2,2,2,750,,83,pablo,2,1,1,2,2,897,,76
2018-02-22T14:00:00+00:00,2.2.2,gachi,squad_4,hoko,arowana,301,alpha,FALSE,pablo,10,6,4,8,1,819,s+,78,nzap85,9,7,2,9,1,911,a,77,rapid,6,2,4,6,1,910,s+,88,maneuver_collabo,16,15,1,8,3,1108,s+,105,52gal_deco,7,6,1,7,4,1040,s+,51,carbon,10,7,3,9,4,1004,s+,77,herocharger_replica,10,10,0,6,3,1045,s+,77,hotblaster,8,7,1,8,2,791,s+,91
2018-02-22T14:00:00+00:00,2.2.2,regular,standard,nawabari,hakofugu,180,alpha,FALSE,carbon,7,5,2,3,3,953,,68,nzap85,7,3,4,3,2,878,,68,96gal,10,9,1,4,1,588,,36,squiclean_a,4,1,3,3,2,636,,56,maneuver,5,3,2,6,1,593,,9,heroshooter_replica,5,3,2,6,0,638,,29,maneuver_collabo,6,6,0,6,1,843,,50,maneuver,1,1,0,0,4,840,,65
2018-02-22T14:00:00+00:00,2.2.2,gachi,squad_4,hoko,manta,49,bravo,TRUE,rapid,1,1,0,2,0,212,s+,65,parashelter,3,2,1,2,0,228,s+,78,sshooter,1,0,1,2,0,167,s+,55,herocharger_replica,1,1,0,1,0,192,s+,54,maneuver_collabo,4,4,0,0,1,258,s+,106,heroshooter_replica,3,0,3,2,0,170,s+,113,sputtery,2,2,0,1,1,321,s+,83,hydra,1,1,0,1,0,202,s+,77
2018-02-22T14:00:00+00:00,2.2.2,gachi,standard,area,chozame,300,alpha,FALSE,sshooter,6,3,3,9,2,874,s,53,bold,7,6,1,4,3,1214,s,109,jetsweeper,3,1,2,3,5,1051,s,60,momiji,2,2,0,5,5,1393,s,68,screwslosher_neo,2,0,2,1,1,0,s,79,nzap89,9,9,0,3,7,1328,s,41,momiji,10,4,6,4,5,1424,s,76,jetsweeper,11,6,5,5,5,1191,s,76
2018-02-22T14:00:00+00:00,2.2.2,regular,standard,nawabari,hakofugu,180,bravo,FALSE,splatscope,4,3,1,1,2,755,,69,nzap89,4,4,0,2,3,748,,20,dualsweeper,5,4,1,5,2,567,,33,bold,2,2,0,4,0,716,,33,rapid_elite,7,6,1,3,3,875,,42,maneuver,1,1,0,1,1,441,,27,splatcharger_collabo,2,2,0,5,2,633,,81,sputtery_hue,3,3,0,4,2,886,,38
2018-02-22T14:00:00+00:00,2.2.2,gachi,squad_2,hoko,manta,304,alpha,FALSE,jetsweeper_custom,9,5,4,5,1,1087,s,73,prime,14,8,6,5,1,972,s,68,sshooter,4,3,1,10,0,610,a-,49,nzap85,19,16,3,8,2,1340,s+,52,squiclean_a,5,5,0,7,3,746,a-,67,sshooter_collabo,7,5,2,7,2,1004,s,64,sputtery,16,15,1,8,5,1307,a+,63,sputtery_hue,5,3,2,10,2,772,a+,80
2018-02-22T14:00:00+00:00,2.2.2,gachi,standard,area,chozame,300,alpha,FALSE,longblaster,10,8,2,7,4,1266,s+,81,52gal_deco,12,9,3,4,5,1204,s+,96,dualsweeper,8,1,7,3,7,1349,s+,94,nzap85,12,7,5,6,7,1457,s+,67,sshooter_collabo,9,8,1,8,3,882,s+,75,dualsweeper,3,1,2,6,5,1355,s+,114,rapid,8,8,0,5,6,1370,s+,60,screwslosher_neo,5,3,2,6,5,1309,s+,71
2018-02-22T14:00:00+00:00,2.2.2,gachi,standard,area,chozame,238,bravo,TRUE,dualsweeper,3,2,1,3,6,1293,s+,69,splatroller,9,9,0,10,1,626,s+,73,nzap85,9,7,2,5,4,1180,s+,85,heromaneuver_replica,2,2,0,7,2,744,s+,73,screwslosher_neo,9,5,4,3,5,1072,s+,88,rapid,7,3,4,7,2,795,s+,94,sshooter_collabo,11,9,2,7,2,913,s+,82,bottlegeyser,9,7,2,3,4,786,s+,80
2018-02-22T14:00:00+00:00,2.2.2,regular,standard,nawabari,hakofugu,180,alpha,,nzap89,2,1,1,1,2,669,,65,splatscope_collabo,6,6,0,2,2,777,,91,bucketslosher_deco,0,0,0,1,2,773,,67,heroroller_replica,7,7,0,4,2,623,,56,bold,1,0,1,4,1,780,,78,prime,3,3,0,2,2,654,,53,heroshooter_replica,4,2,2,4,1,619,,50,herocharger_replica,3,3,0,4,0,590,,80
2018-02-22T14:00:00+00:00,2.2.2,gachi,squad_2,hoko,arowana,303,bravo,FALSE,jetsweeper_custom,6,5,1,8,3,1036,s+,95,splatroller_collabo,8,7,1,7,4,704,s+,82,maneuver_collabo,3,1,2,7,5,695,s+,98,52gal_deco,12,11,1,13,0,892,s+,70,heroblaster_replica,14,9,5,8,1,641,s,54,prime_collabo,8,5,3,7,1,624,s,76,nzap85,6,3,3,6,2,891,a-,58,splatscope,18,18,0,3,3,1317,s+,36
2018-02-22T14:00:00+00:00,2.2.2,gachi,standard,area,chozame,208,bravo,TRUE,screwslosher_neo,3,1,2,4,2,610,s,76,splatroller,8,8,0,6,2,826,s,66,nzap85,3,3,0,3,3,921,s,34,liter4k,1,1,0,4,2,600,s,72,nzap85,11,3,8,4,4,871,s,27,pablo,7,4,3,3,4,894,s,77,screwslosher_neo,5,2,3,3,2,623,s,68,96gal,9,8,1,3,4,904,s,32
2018-02-22T14:00:00+00:00,2.2.2,regular,standard,nawabari,hakofugu,180,alpha,FALSE,bucketslosher_deco,11,9,2,1,3,1094,,68,maneuver,3,2,1,4,2,661,,9,sputtery_hue,4,3,1,6,1,610,,41,sputtery,6,4,2,3,1,699,,80,heroshooter_replica,5,4,1,5,0,608,,29,96gal,3,2,1,5,1,673,,36,spygadget,5,5,0,3,3,831,,15,kelvin525,5,3,2,5,1,623,,78
2018-02-22T14:00:00+00:00,2.2.2,gachi,standard,area,chozame,150,alpha,TRUE,heroshooter_replica,3,2,1,1,1,459,b-,63,nzap89,5,3,2,1,2,521,b+,34,bold,3,1,2,2,1,608,b,62,sshooter,6,5,1,4,1,558,b,50,nzap89,1,1,0,2,4,809,b,64,nzap89,3,2,1,6,2,550,b,45,liter4k_scope,2,2,0,2,2,488,b,66,promodeler_rg,4,3,1,2,3,415,b,49
2018-02-22T14:00:00+00:00,2.2.2,gachi,squad_4,hoko,manta,52,alpha,TRUE,rapid,2,1,1,0,1,280,s+,65,herocharger_replica,6,5,1,0,1,318,s+,54,parashelter,3,2,1,1,1,274,s+,78,sshooter,2,1,1,1,0,237,s+,55,herospinner_replica,1,1,0,2,1,232,s+,80,sputtery_hue,1,1,0,2,0,172,s+,88,hotblaster,0,0,0,3,0,120,s+,71,heroshooter_replica,0,0,0,2,0,175,s+,71
2018-02-22T14:00:00+00:00,2.2.2,gachi,squad_2,hoko,arowana,199,alpha,TRUE,bucketslosher_deco,8,6,2,3,3,916,s+,77,splatroller,9,8,1,3,1,623,s+,73,sshooter,9,5,4,5,2,769,s+,71,sshooter,6,5,1,2,1,597,s+,55,sputtery,3,3,0,6,1,600,s+,75,52gal,3,2,1,8,0,349,a,22,sshooter_collabo,6,5,1,6,1,606,s+,79,bucketslosher_deco,3,2,1,4,3,931,b,45
2018-02-22T14:00:00+00:00,2.2.2,gachi,squad_4,hoko,manta,158,alpha,TRUE,pablo,3,2,1,4,1,628,s+,78,splatscope_collabo,3,3,0,2,2,747,s+,88,maneuver_collabo,8,8,0,6,1,546,s+,105,nzap85,8,5,3,5,2,845,a,77,nzap85,6,4,2,5,2,611,s+,108,nzap85,6,4,2,6,1,652,s+,85,nzap85,4,4,0,3,2,701,s+,138,nzap85,7,4,3,6,1,545,s+,147
2018-02-22T14:00:00+00:00,2.2.2,regular,standard,nawabari,fujitsubo,180,alpha,FALSE,prime,8,5,3,5,2,778,,69,bold,5,5,0,2,3,858,,20,hissen,10,8,2,3,1,742,,81,sputtery_hue,5,2,3,2,3,820,,38,dualsweeper,3,2,1,5,1,640,,33,splatscope_collabo,4,4,0,5,3,982,,42,maneuver,6,4,2,3,3,759,,27,bold,1,1,0,7,0,638,,33
2018-02-22T14:00:00+00:00,2.2.2,gachi,squad_4,hoko,arowana,300,alpha,FALSE,rapid,7,5,2,9,2,688,s+,65,parashelter,11,8,3,7,4,1101,s+,78,herocharger_replica,7,7,0,4,3,729,s+,54,sshooter,6,6,0,8,2,934,s+,55,screwslosher,9,9,0,8,2,894,s+,81,hotblaster_custom,9,8,1,7,1,788,s+,103,barrelspinner,8,5,3,4,4,1131,s+,89,sputtery_hue,8,6,2,7,1,763,s+,58
2018-02-22T14:00:00+00:00,2.2.2,regular,standard,nawabari,hakofugu,180,alpha,,nzap89,4,2,2,1,2,767,,65,bold,8,6,2,2,3,972,,76,heroroller_replica,8,8,0,1,2,693,,56,nzap89,0,0,0,1,2,680,,32,splatscope_collabo,3,3,0,1,4,1149,,91,barrelspinner,0,0,0,6,1,577,,60,sshooter,1,1,0,6,0,515,,43,herocharger_replica,1,1,0,4,0,481,,80
2018-02-22T14:00:00+00:00,2.2.2,gachi,standard,area,chozame,180,bravo,TRUE,prime_collabo,3,2,1,3,2,693,b+,48,hokusai,5,4,1,5,0,478,b-,33,rapid,1,1,0,5,1,604,b,66,nzap89,5,3,2,2,3,750,b+,69,sshooter,7,6,1,5,1,586,b+,56,herocharger_replica,4,3,1,3,2,436,b+,42,dualsweeper,8,5,3,0,4,1011,b-,35,wakaba,3,1,2,2,3,674,b+,56
2018-02-22T14:00:00+00:00,2.2.2,gachi,standard,area,gangaze,137,alpha,TRUE,dualsweeper,4,1,3,1,3,670,s+,69,bottlegeyser,5,4,1,2,1,433,s+,80,rapid,8,4,4,1,3,725,s+,91,heroshelter_replica,10,9,1,2,2,729,s+,98,nzap85,3,3,0,5,1,588,s+,86,splatcharger_collabo,1,1,0,3,1,649,s+,65,rapid_elite,2,2,0,5,1,455,s+,72,screwslosher_neo,1,0,1,6,2,446,s+,89
2018-02-22T14:00:00+00:00,2.2.2,gachi,standard,area,gangaze,84,bravo,TRUE,longblaster,1,1,0,3,1,422,s+,81,sputtery_hue,1,1,0,4,1,337,s+,64,barrelspinner,1,1,0,1,1,518,s+,67,splatroller,0,0,0,3,0,200,s+,52,dualsweeper,3,3,0,1,1,432,s+,114,parashelter,4,2,2,1,1,371,s+,87,maneuver_collabo,5,3,2,1,1,420,s+,71,prime,5,2,3,0,1,385,s+,77
2018-02-22T14:00:00+00:00,2.2.2,gachi,standard,area,gangaze,95,bravo,TRUE,screwslosher_neo,2,1,1,3,0,235,s,76,prime,3,3,0,1,2,468,s,64,nzap85,1,0,1,3,1,390,s,73,nzap85,0,0,0,3,2,486,s,40,hotblaster,5,3,2,2,1,238,s,67,screwslosher_neo,4,1,3,0,1,455,s,68,sputtery_hue,3,3,0,0,2,421,s,109,heroshooter_replica,4,3,1,2,1,453,s,85
2018-02-22T14:00:00+00:00,2.2.2,gachi,standard,area,gangaze,77,bravo,TRUE,heroshooter_replica,0,0,0,3,0,289,b-,63,promodeler_mg,0,0,0,3,1,348,b-,40,promodeler_mg,0,0,0,2,1,409,b-,48,clashblaster,0,0,0,3,0,241,b,53,nzap89,2,1,1,0,1,274,b,23,jetsweeper_custom,2,1,1,0,1,204,b+,60,promodeler_mg,1,1,0,0,1,377,b-,37,sputtery_hue,8,8,0,0,1,392,b,58
2018-02-22T14:00:00+00:00,2.2.2,regular,standard,nawabari,hakofugu,180,bravo,FALSE,bucketslosher_deco,5,4,1,5,1,897,,68,sputtery_hue,5,5,0,5,2,769,,41,clashblaster,5,4,1,5,0,569,,83,wakaba,1,1,0,8,0,664,,50,splatcharger,9,6,3,3,2,779,,9,squiclean_a,5,3,2,5,1,560,,49,heromaneuver_replica,6,6,0,3,2,747,,78,nzap85,11,8,3,3,3,895,,62
2018-02-22T14:00:00+00:00,2.2.2,regular,standard,nawabari,fujitsubo,180,alpha,FALSE,prime,5,4,1,2,1,732,,35,maneuver,3,2,1,3,3,844,,43,heroroller_replica,5,5,0,3,2,707,,37,heromaneuver_replica,6,3,3,3,3,722,,37,promodeler_rg,4,3,1,4,3,862,,35,nzap85,3,2,1,5,1,629,,18,nzap85,4,4,0,4,1,737,,30,prime,2,2,0,1,3,750,,28
2018-02-22T14:00:00+00:00,2.2.2,gachi,squad_2,hoko,manta,301,alpha,FALSE,jetsweeper_custom,6,5,1,4,3,989,s,73,prime,10,8,2,6,3,1061,s,68,nzap85,8,8,0,8,1,980,a,45,barrelspinner,13,8,5,5,0,1240,s+,58,prime,13,11,2,9,3,1056,s+,77,bold,7,6,1,11,1,1126,s+,78,carbon,3,2,1,5,5,1012,a-,98,prime_collabo,7,4,3,5,3,938,s+,82
2018-02-22T14:00:00+00:00,2.2.2,gachi,squad_4,hoko,arowana,300,alpha,FALSE,pablo,6,4,2,8,0,825,s+,78,splatscope_collabo,3,3,0,7,2,1014,s+,88,nzap85,9,7,2,12,1,945,a,77,maneuver_collabo,11,11,0,5,3,1117,s+,105,hotblaster,12,8,4,7,1,982,s+,118,screwslosher,12,9,3,6,4,1046,s,118,hokusai_hue,9,8,1,7,5,967,s+,85,nzap85,11,6,5,6,4,821,s+,168
2018-02-22T14:00:00+00:00,2.2.2,regular,standard,nawabari,hakofugu,180,alpha,FALSE,prime,10,6,4,2,3,827,,69,maneuver,14,10,4,1,4,1012,,42,bold,1,1,0,3,2,598,,33,heroshooter_replica,1,1,0,1,1,505,,28,splatcharger,4,3,1,4,1,614,,20,maneuver,1,1,0,3,1,512,,27,sshooter,2,2,0,6,2,763,,81,sputtery_hue,1,1,0,5,2,736,,38
2018-02-22T14:00:00+00:00,2.2.2,gachi,squad_2,hoko,arowana,185,alpha,TRUE,bucketslosher_deco,5,3,2,4,3,717,s+,78,splatroller,13,11,2,5,3,809,s+,73,sshooter_collabo,8,6,2,4,1,684,s+,55,nzap85,5,3,2,3,2,705,s+,80,sshooter,4,4,0,6,1,535,s+,44,barrelspinner,8,7,1,3,3,835,s+,107,nzap85,4,3,1,7,2,750,a-,69,dualsweeper,4,2,2,7,0,523,s+,73
2018-02-22T14:00:00+00:00,2.2.2,gachi,standard,area,chozame,129,alpha,TRUE,longblaster,3,1,2,3,2,610,s+,81,hotblaster,4,2,2,3,1,408,s+,73,prime_collabo,5,4,1,2,2,686,s+,83,splatroller,6,6,0,3,2,603,s+,98,herocharger_replica,5,2,3,1,3,587,s+,84,rapid_elite,3,0,3,2,2,557,s+,86,rapid,5,4,1,5,1,452,s+,103,hissen,6,5,1,5,1,492,s+,105
2018-02-22T14:00:00+00:00,2.2.2,gachi,standard,area,gangaze,148,alpha,TRUE,dualsweeper,2,1,1,2,3,687,s+,69,wakaba,5,4,1,1,3,748,s+,79,splatcharger,6,5,1,1,1,653,s+,65,parashelter,8,6,2,4,1,575,s+,57,rapid,3,2,1,5,2,537,s+,78,prime_collabo,6,2,4,3,3,723,s+,87,splatspinner,3,2,1,3,2,731,s+,57,hotblaster_custom,1,1,0,5,2,449,s+,102
2018-02-22T14:00:00+00:00,2.2.2,gachi,standard,area,chozame,79,bravo,TRUE,heroshooter_replica,0,0,0,2,0,198,b-,63,sputtery_hue,1,1,0,4,0,215,b+,44,jetsweeper,0,0,0,2,1,251,b+,101,splatroller,1,1,0,3,0,277,b,49,promodeler_mg,3,1,2,0,1,256,b,75,nzap89,4,4,0,0,1,242,b,39,nzap89,2,1,1,2,1,284,b,49,sputtery_hue,5,5,0,0,1,410,b+,54
2018-02-22T14:00:00+00:00,2.2.2,gachi,standard,area,chozame,86,bravo,TRUE,screwslosher_neo,0,0,0,4,0,257,s,76,heroshooter_replica,2,2,0,2,0,322,s,85,sshooter,0,0,0,2,1,358,s,76,hotblaster,1,0,1,2,1,295,s,67,jetsweeper_custom,1,1,0,0,1,349,s,54,52gal,5,4,1,0,2,499,s,31,nzap85,3,2,1,1,1,294,s,82,bucketslosher_deco,3,3,0,1,1,462,s,75
2018-02-22T14:00:00+00:00,2.2.2,regular,standard,nawabari,hakofugu,180,alpha,,nzap89,3,2,1,2,1,634,,65,bold,2,2,0,2,4,882,,71,heroroller_replica,7,6,1,4,2,736,,56,splatscope_collabo,1,1,0,0,2,700,,91,liter4k_scope_custom,1,1,0,0,3,877,,114,dynamo_tesla,3,1,2,4,2,668,,45,heromaneuver_replica,5,5,0,4,1,594,,80,screwslosher,2,1,1,3,1,539,,71
2018-02-22T14:00:00+00:00,2.2.2,gachi,standard,area,gangaze,349,alpha,FALSE,prime_collabo,4,3,1,4,4,1121,b+,48,nzap85,15,10,5,9,4,1195,b-,17,variableroller_foil,12,12,0,4,7,1423,b+,37,promodeler_mg,3,1,2,5,6,1305,b,77,herocharger_replica,9,7,2,3,4,1361,b,56,sshooter,1,1,0,9,3,1311,b,48,maneuver_collabo,11,10,1,10,1,1170,b+,74,rapid_elite,5,4,1,4,6,1197,b+,62
2018-02-22T14:00:00+00:00,2.2.2,gachi,squad_2,hoko,arowana,214,bravo,TRUE,nzap85,6,2,4,6,2,832,s+,95,hotblaster,5,2,3,8,0,312,s+,82,splatcharger,5,4,1,3,3,798,s+,70,longblaster,7,5,2,6,2,729,s+,74,sputtery_hue,3,2,1,7,1,513,a+,75,heroshooter_replica,11,8,3,2,3,746,a,77,hokusai_hue,12,10,2,2,3,781,s+,81,pablo_hue,6,3,3,2,4,925,,75
2018-02-22T14:00:00+00:00,2.2.2,regular,standard,nawabari,fujitsubo,180,alpha,FALSE,bucketslosher_deco,7,6,1,2,3,1111,,68,splatcharger,3,3,0,1,2,817,,9,bold,6,6,0,3,2,907,,41,herospinner_replica,7,4,3,1,3,944,,50,sputtery_hue,4,4,0,5,3,984,,41,momiji,3,2,1,2,3,907,,46,squiclean_a,1,1,0,7,1,587,,67,bold,0,0,0,5,2,986,,43
2018-02-22T14:00:00+00:00,2.2.2,gachi,standard,area,chozame,217,bravo,TRUE,heroshooter_replica,3,3,0,2,3,620,b-,63,promodeler_mg,3,3,0,6,3,1056,b-,35,96gal_deco,4,4,0,7,2,692,b,46,sputtery_hue,5,5,0,8,1,704,b+,44,sputtery,10,8,2,3,3,848,b+,48,promodeler_mg,8,5,3,4,4,899,b-,33,prime_collabo,5,4,1,7,1,678,b-,46,sshooter,8,5,3,4,2,591,b,29
2018-02-22T14:00:00+00:00,2.2.2,regular,standard,nawabari,hakofugu,180,bravo,FALSE,prime,3,3,0,3,2,764,,35,maneuver,2,2,0,4,1,578,,18,liter4k_scope,1,1,0,2,3,744,,31,sshooter,2,2,0,3,2,804,,45,splatspinner,3,3,0,3,2,633,,91,promodeler_mg,2,1,1,2,4,966,,48,dualsweeper,6,5,1,2,3,782,,46,sputtery,3,3,0,1,2,764,,53
2018-02-22T14:00:00+00:00,2.2.2,gachi,standard,area,chozame,142,alpha,TRUE,screwslosher_neo,8,6,2,2,1,350,s,76,sshooter,5,4,1,2,1,660,s,37,dualsweeper,5,4,1,3,2,607,s,114,sshooter,4,1,3,1,1,530,s,73,hotblaster,0,0,0,3,1,309,s,67,splatroller,4,4,0,3,3,707,s,36,52gal,4,2,2,5,2,542,s,53,sputtery,2,2,0,4,2,697,s,96
2018-02-22T14:00:00+00:00,2.2.2,gachi,standard,area,gangaze,75,alpha,TRUE,longblaster,2,2,0,1,1,282,s+,81,bucketslosher_deco,5,4,1,0,1,422,s+,105,maneuver_collabo,1,1,0,2,1,254,s+,95,sshooter,6,3,3,0,1,368,s+,84,clashblaster,2,2,0,3,1,290,s+,66,splatcharger,0,0,0,2,1,317,s+,63,splatroller,1,0,1,2,1,269,s+,85,hotblaster,1,1,0,3,1,305,s+,59
2018-02-22T14:00:00+00:00,2.2.2,regular,standard,nawabari,hakofugu,180,bravo,FALSE,prime,7,7,0,2,4,1116,,69,nzap89,2,2,0,3,2,577,,20,maneuver,5,3,2,2,2,679,,27,heroshooter_replica,0,0,0,2,1,0,,28,maneuver,8,6,2,1,4,867,,42,bold,0,0,0,3,0,601,,33,sshooter,1,1,0,5,1,541,,81,sputtery_hue,3,2,1,3,2,802,,38
2018-02-22T14:00:00+00:00,2.2.2,gachi,standard,area,chozame,311,bravo,FALSE,dualsweeper,6,3,3,2,8,1516,s+,69,wakaba,10,5,5,8,6,1325,s+,35,nzap85,15,9,6,10,5,1418,s+,96,maneuver_collabo,14,10,4,5,5,1392,s+,71,wakaba,8,3,5,6,6,1401,s+,103,sshooter,17,14,3,8,4,1407,s+,71,prime_collabo,8,6,2,8,4,1155,s+,88,nzap85,7,2,5,7,5,1470,s+,73
2018-02-22T14:00:00+00:00,2.2.2,gachi,squad_2,hoko,arowana,130,alpha,TRUE,bucketslosher_deco,5,4,1,1,2,669,s+,78,bucketslosher_deco,4,4,0,3,2,628,s+,104,splatroller,3,2,1,2,1,405,s+,77,splatroller,4,4,0,1,2,553,s+,73,barrelspinner,2,1,1,3,2,521,s+,81,nzap85,5,3,2,3,1,513,s+,69,maneuver_collabo,1,1,0,3,1,364,,65,sshooter,3,2,1,5,1,421,s+,82
2018-02-22T14:00:00+00:00,2.2.2,regular,standard,nawabari,fujitsubo,180,bravo,,nzap89,1,0,1,5,1,690,,65,liter4k_scope_custom,1,1,0,1,3,862,,114,heroroller_replica,7,7,0,3,2,810,,56,96gal_deco,1,1,0,1,2,693,,45,promodeler_mg,6,6,0,0,5,1343,,102,splatcharger_collabo,1,1,0,2,2,759,,91,rapid_elite,1,0,1,4,1,607,,74,heromaneuver_replica,4,3,1,3,1,519,,80
2018-02-22T14:00:00+00:00,2.2.2,gachi,standard,area,gangaze,79,alpha,TRUE,nzap85,4,2,2,1,1,414,s+,65,hotblaster_custom,6,5,1,1,0,265,s+,68,screwslosher_neo,3,2,1,1,1,393,s+,80,herocharger_replica,2,2,0,0,1,300,s+,85,barrelspinner,1,1,0,3,1,314,s+,76,bucketslosher_deco,0,0,0,3,1,343,s+,77,bucketslosher,2,2,0,3,1,367,s+,54,nzap85,0,0,0,2,2,440,s+,138
2018-02-22T14:00:00+00:00,2.2.2,gachi,standard,area,gangaze,303,alpha,FALSE,sshooter,5,5,0,8,3,1317,s,53,bold,12,8,4,5,7,1812,s,66,splatroller,13,13,0,7,5,1185,s,53,herocharger_replica,6,5,1,5,2,993,s,56,momiji,5,5,0,9,4,1557,s,69,prime_collabo,12,11,1,8,5,1166,s,62,wakaba,6,2,4,7,8,1526,s,54,sshooter_collabo,7,7,0,9,2,933,s,50
2018-02-22T14:00:00+00:00,2.2.2,gachi,squad_2,hoko,arowana,300,bravo,FALSE,jetsweeper_custom,10,5,5,7,2,836,s,73,sshooter,8,6,2,10,2,836,s+,51,hotblaster,11,10,1,10,3,730,s+,66,prime,9,6,3,7,4,1066,s,68,hokusai,8,6,2,8,1,737,s+,49,hokusai,12,10,2,7,1,549,s+,111,bucketslosher_deco,13,11,2,6,3,1201,s+,102,screwslosher,13,7,6,6,3,956,s+,93
2018-02-22T14:00:00+00:00,2.2.2,gachi,squad_4,hoko,manta,300,alpha,FALSE,pablo,11,9,2,6,2,1071,s+,78,nzap85,9,7,2,11,2,997,a,77,splatscope,4,3,1,4,3,1230,s+,88,maneuver_collabo,17,16,1,9,3,1188,s+,105,splatcharger,8,8,0,9,1,860,,29,96gal_deco,4,2,2,10,2,785,s+,59,rapid_elite,13,6,7,8,4,1109,s+,66,bucketslosher_deco,13,11,2,9,6,1682,s+,82
2018-02-22T14:00:00+00:00,2.2.2,gachi,standard,area,gangaze,225,bravo,TRUE,longblaster,4,4,0,5,4,1069,s+,81,nzap85,7,6,1,9,2,891,s+,34,wakaba,2,1,1,6,5,964,s+,60,maneuver_collabo,3,3,0,6,4,922,s+,116,bold,6,4,2,2,4,1116,s+,82,jetsweeper_custom,6,4,2,4,5,830,s+,76,nova,13,8,5,4,2,727,s+,56,nzap85,10,8,2,5,3,1064,s+,107
2018-02-22T14:00:00+00:00,2.2.2,regular,standard,nawabari,fujitsubo,180,alpha,FALSE,bucketslosher_deco,6,5,1,1,4,1022,,68,splatcharger,4,2,2,3,2,654,,9,sputtery_hue,3,3,0,4,2,777,,41,momiji,8,6,2,1,3,1021,,48,squiclean_a,2,2,0,3,3,741,,67,nzap85,2,2,0,5,1,738,,64,prime,2,1,1,4,2,805,,51,sshooter,4,4,0,4,1,819,,37
2018-02-22T14:00:00+00:00,2.2.2,gachi,standard,area,gangaze,81,bravo,TRUE,screwslosher_neo,1,1,0,2,1,256,s,76,barrelspinner_deco,1,1,0,2,2,288,s,64,sshooter,0,0,0,3,1,376,s,73,nzap85,1,1,0,3,1,395,s,57,sshooter,2,1,1,0,0,328,s,56,promodeler_mg,5,5,0,1,2,506,s,83,hydra,5,2,3,0,1,311,s,49,52gal,2,2,0,2,1,287,s,53
2018-02-22T14:00:00+00:00,2.2.2,gachi,squad_2,hoko,manta,300,alpha,FALSE,bucketslosher_deco,6,5,1,5,5,1429,s+,78,herobrush_replica,15,13,2,5,2,1098,a+,79,wakaba,8,5,3,7,2,945,s+,79,splatroller,10,6,4,8,1,854,s+,73,rapid_deco,8,5,3,8,2,811,s+,68,nzap85,12,8,4,6,7,1352,s+,69,maneuver_collabo,8,4,4,6,2,1047,s+,75,52gal_deco,8,7,1,9,2,911,s+,83
2018-02-22T14:00:00+00:00,2.2.2,regular,standard,nawabari,hakofugu,180,alpha,FALSE,prime,4,1,3,0,2,736,,35,splatscope_collabo,4,4,0,3,1,764,,56,momiji,3,2,1,6,1,573,,47,bold,11,10,1,4,2,851,,41,herocharger_replica,6,5,1,4,2,598,,68,momiji,2,2,0,5,2,719,,44,bold,3,2,1,3,3,867,,36,nzap89,5,4,1,5,1,672,,50
2018-02-22T14:00:00+00:00,2.2.2,gachi,standard,area,chozame,271,alpha,TRUE,heroshooter_replica,10,8,2,5,3,782,b-,63,jetsweeper_custom,6,4,2,3,4,796,b,51,sputtery_hue,9,6,3,6,4,1220,b-,36,promodeler_mg,7,5,2,7,5,1090,b-,19,promodeler_mg,2,1,1,6,3,1036,b-,42,rapid_elite,10,8,2,6,4,1071,b,75,sshooter,7,6,1,6,3,819,b,45,carbon,7,5,2,5,3,796,b-,26
2018-02-22T14:00:00+00:00,2.2.2,regular,standard,nawabari,fujitsubo,180,alpha,FALSE,prime,6,5,1,2,3,801,,69,maneuver,2,1,1,1,2,542,,27,hissen,5,5,0,4,1,560,,81,sputtery_hue,1,0,1,3,2,814,,38,pablo,3,3,0,3,2,701,,20,pablo,5,4,1,3,4,1001,,42,bold,3,3,0,5,1,695,,33,nzap85,0,0,0,0,0,0,,70
2018-02-22T14:00:00+00:00,2.2.2,gachi,standard,area,gangaze,197,bravo,TRUE,prime_collabo,3,3,0,3,1,715,b+,48,sputtery_hue,5,4,1,7,1,498,b+,40,screwslosher_neo,2,1,1,4,3,650,b,20,splatroller,3,3,0,2,3,646,b-,23,sputtery_hue,4,3,1,4,3,880,b,34,parashelter,8,8,0,2,4,1029,b+,31,sshooter_collabo,4,3,1,3,0,508,b+,50,bucketslosher,2,2,0,2,2,583,b-,30
2018-02-22T14:00:00+00:00,2.2.2,gachi,standard,area,chozame,79,alpha,TRUE,screwslosher_neo,2,1,1,0,1,276,s,76,barrelspinner_deco,3,2,1,0,1,391,s,64,dualsweeper,4,3,1,0,1,317,s,59,nzap89,3,2,1,1,1,420,s,55,momiji,0,0,0,1,1,316,s,47,52gal,1,1,0,3,1,298,s,53,splatscope,0,0,0,1,1,355,s,46,rapid,0,0,0,3,1,371,s,60
2018-02-22T14:00:00+00:00,2.2.2,regular,standard,nawabari,hakofugu,180,bravo,,nzap89,5,4,1,5,1,694,,65,bold,5,5,0,6,1,695,,91,pablo,1,1,0,5,2,668,,82,liter4k_scope_custom,2,1,1,2,2,662,,114,nzap85,9,6,3,2,2,822,,102,barrelspinner_deco,3,2,1,2,2,781,,62,heromaneuver_replica,7,7,0,2,1,669,,80,heroroller_replica,4,3,1,5,1,544,,56
2018-02-22T14:00:00+00:00,2.2.2,gachi,standard,area,gangaze,159,bravo,TRUE,dualsweeper,2,1,1,1,5,895,s+,69,sshooter,5,3,2,3,2,574,s+,70,jetsweeper,2,2,0,1,5,939,s+,79,splatspinner,1,0,1,5,2,0,s+,28,wakaba,4,2,2,1,3,980,s+,103,nzap85,5,2,3,2,4,1058,s+,96,barrelspinner,4,4,0,2,4,686,s+,77,screwslosher_neo,8,2,6,1,1,590,s+,68
2018-02-22T14:00:00+00:00,2.2.2,gachi,squad_2,hoko,manta,65,bravo,TRUE,jetsweeper_custom,4,4,0,2,0,263,s+,89,sshooter,2,1,1,3,0,214,a-,49,nzap85,2,1,1,1,0,277,s+,52,jetsweeper_custom,1,0,1,2,0,209,a,91,liter4k,5,5,0,2,1,249,s+,101,splatroller,3,2,1,1,0,229,s+,89,jetsweeper_custom,3,1,2,1,0,327,s+,62,nzap85,1,0,1,2,0,224,a,44
2018-02-22T14:00:00+00:00,2.2.2,gachi,squad_2,hoko,manta,65,bravo,TRUE,jetsweeper_custom,1,0,1,2,0,209,a,91,jetsweeper_custom,4,4,0,2,0,263,s+,89,sshooter,2,1,1,3,0,214,a-,49,nzap85,2,1,1,1,0,277,s+,52,liter4k,5,5,0,2,1,249,s+,101,splatroller,3,2,1,1,0,229,s+,89,jetsweeper_custom,3,1,2,1,0,327,s+,62,nzap85,1,0,1,2,0,224,a,44
2018-02-22T14:00:00+00:00,2.2.2,gachi,standard,area,gangaze,240,alpha,TRUE,longblaster,11,10,1,2,4,1306,s+,81,hotblaster,3,0,3,7,3,640,s+,76,sputtery_hue,9,8,1,4,4,995,s+,132,splatcharger_collabo,4,3,1,4,4,917,s+,73,bold,2,2,0,8,3,853,s+,73,sputtery_hue,8,6,2,7,3,889,s+,72,screwslosher_neo,6,3,3,4,6,1138,s+,88,dualsweeper,8,6,2,3,5,1001,s+,55
2018-02-22T14:00:00+00:00,2.2.2,regular,standard,nawabari,fujitsubo,180,alpha,FALSE,bucketslosher_deco,5,5,0,3,4,1141,,68,sputtery_hue,4,3,1,3,3,781,,42,barrelspinner_deco,6,5,1,4,2,637,,67,sshooter,2,1,1,2,2,823,,37,splatcharger,7,4,3,2,3,900,,9,nzap85,1,1,0,5,0,504,,64,bucketslosher,2,2,0,5,1,663,,51,momiji,7,5,2,2,3,1144,,48
2018-02-22T14:00:00+00:00,2.2.2,gachi,squad_2,hoko,manta,329,alpha,FALSE,nzap85,6,3,3,9,1,855,s+,95,heroshooter_replica,9,8,1,7,2,1111,s,56,bold,20,20,0,4,6,1702,s+,82,prime_collabo,9,7,2,7,2,1073,s+,59,rapid_elite,6,2,4,11,3,1057,a,49,sputtery,10,9,1,14,1,1162,s+,49,dualsweeper,15,11,4,7,6,1187,a,53,herocharger_replica,5,3,2,7,3,968,a+,69
2018-02-22T14:00:00+00:00,2.2.2,regular,standard,nawabari,hakofugu,180,bravo,FALSE,prime,5,4,1,4,1,562,,35,sputtery_hue,2,1,1,5,2,839,,34,sputtery,2,1,1,6,1,634,,29,liter4k,1,1,0,4,1,427,,20,splatcharger,5,5,0,1,1,463,,71,liter4k,6,6,0,1,1,421,,91,splatroller,3,2,1,2,2,634,,40,sshooter,7,6,1,3,3,901,,67
2018-02-22T14:00:00+00:00,2.2.2,gachi,standard,area,gangaze,262,alpha,TRUE,screwslosher_neo,7,4,3,6,3,1041,s,76,nzap85,9,7,2,8,2,685,s,69,prime_collabo,8,5,3,4,5,1213,s,71,bold,3,3,0,8,2,1034,s,67,splatscope,5,3,2,2,5,971,s,64,sputtery_hue,12,9,3,8,3,1100,s,69,splatroller,8,7,1,6,3,819,s,44,nzap89,6,5,1,4,4,928,s,75
2018-02-22T14:00:00+00:00,2.2.2,gachi,squad_4,hoko,arowana,300,alpha,FALSE,pablo,9,7,2,6,2,969,s+,78,nzap85,8,6,2,11,2,873,a,77,splatscope,3,3,0,6,2,896,s+,88,maneuver_collabo,14,12,2,9,2,995,s+,105,hotblaster,9,9,0,9,2,709,s+,89,bold,6,4,2,8,2,891,a-,87,screwslosher,14,10,4,6,4,956,s+,51,bucketslosher,10,9,1,5,3,1113,,28
2018-02-22T14:00:00+00:00,2.2.2,gachi,squad_2,hoko,manta,308,bravo,FALSE,jetsweeper_custom,6,4,2,3,1,1207,s,73,prime,10,9,1,6,5,1103,s,68,h3reelgun,4,3,1,11,2,880,s+,115,dynamo,7,5,2,8,1,831,s+,54,heroshooter_replica,17,12,5,6,2,1177,s+,90,sputtery_hue,6,5,1,7,4,1033,b+,49,splatroller,9,7,2,4,0,970,s+,74,nzap85,4,3,1,4,3,915,a,40
2018-02-22T14:00:00+00:00,2.2.2,regular,standard,nawabari,hakofugu,180,alpha,FALSE,pablo,7,6,1,2,2,719,,69,maneuver,10,7,3,2,4,864,,42,sshooter,1,1,0,4,0,408,,33,hissen,6,3,3,3,1,556,,81,nova,5,4,1,5,1,442,,20,nzap89,0,0,0,3,1,571,,27,sputtery_hue,3,3,0,7,1,674,,38,nzap89,4,4,0,2,1,459,,12
2018-02-22T14:00:00+00:00,2.2.2,gachi,standard,area,chozame,314,alpha,TRUE,prime_collabo,10,7,3,8,2,1086,b+,48,bold,8,6,2,7,4,1268,b+,29,promodeler_mg,10,8,2,12,6,1625,b+,71,screwslosher_neo,8,5,3,8,4,891,b,58,momiji,5,4,1,9,5,1415,b+,43,maneuver_collabo,17,13,4,8,4,1098,b+,42,promodeler_mg,12,8,4,8,7,1266,b+,31,barrelspinner_deco,12,10,2,2,6,1232,b+,62
2018-02-22T14:00:00+00:00,2.2.2,gachi,squad_2,hoko,manta,300,alpha,FALSE,bucketslosher_deco,11,8,3,5,5,1358,s+,78,nzap85,12,7,5,6,2,1087,s+,83,barrelspinner,13,6,7,6,5,1123,s+,97,splatroller,9,6,3,7,4,1010,s+,73,rapid_deco,4,3,1,6,1,905,s+,132,nzap85,6,3,3,7,4,1191,s+,122,sputtery,14,14,0,10,2,922,s+,121,wakaba,7,4,3,7,7,1307,s+,98
2018-02-22T14:00:00+00:00,2.2.2,regular,standard,nawabari,fujitsubo,180,bravo,,nzap89,3,3,0,5,0,559,,65,h3reelgun,1,0,1,2,4,1002,,62,herocharger_replica,5,5,0,3,1,627,,102,96gal_deco,5,4,1,5,1,603,,81,heromaneuver_replica,4,3,1,1,3,919,,80,liter4k_scope_custom,2,2,0,3,3,826,,114,heroroller_replica,7,7,0,4,0,625,,56,splatroller,5,3,2,4,1,542,,91
2018-02-22T14:00:00+00:00,2.2.2,gachi,squad_2,hoko,manta,300,bravo,FALSE,jetsweeper_custom,2,1,1,9,1,1069,s+,89,jetsweeper_custom,14,9,5,7,4,862,a,91,wakaba,13,5,8,9,6,1301,s+,65,soytuber_custom,10,10,0,11,2,634,s+,51,clashblaster,23,17,6,5,2,985,s+,69,splatroller,10,8,2,4,2,1283,s+,67,nzap85,9,8,1,8,1,1034,a,44,liter4k,3,2,1,8,2,685,s+,101
2018-02-22T14:00:00+00:00,2.2.2,gachi,squad_2,hoko,manta,300,bravo,FALSE,jetsweeper_custom,14,9,5,7,4,862,a,91,wakaba,13,5,8,9,6,1301,s+,65,soytuber_custom,10,10,0,11,2,634,s+,51,jetsweeper_custom,2,1,1,9,1,1069,s+,89,clashblaster,23,17,6,5,2,985,s+,69,splatroller,10,8,2,4,2,1283,s+,67,nzap85,9,8,1,8,1,1034,a,44,liter4k,3,2,1,8,2,685,s+,101
2018-02-22T14:00:00+00:00,2.2.2,gachi,standard,area,chozame,312,bravo,FALSE,dualsweeper,7,3,4,5,8,1474,s+,69,nzap85,7,6,1,12,2,1173,s+,96,hotblaster,14,13,1,13,1,738,s+,108,pablo,6,2,4,9,6,1384,s+,88,hotblaster,20,13,7,6,3,908,s+,88,maneuver_collabo,8,7,1,7,6,1179,s+,93,herospinner_replica,15,10,5,4,7,1441,s+,89,screwslosher_neo,16,9,7,7,4,1206,s+,102
2018-02-22T14:00:00+00:00,2.2.2,regular,standard,nawabari,hakofugu,180,alpha,FALSE,bucketslosher_deco,9,8,1,1,3,1002,,68,barrelspinner_deco,7,7,0,2,2,600,,67,nzap85,5,3,2,1,2,759,,64,nzap89,2,2,0,2,2,571,,40,splatcharger,2,1,1,3,1,676,,9,sputtery_hue,3,3,0,5,2,724,,42,sshooter,0,0,0,5,0,711,,51,sputtery_hue,2,2,0,7,0,488,,63
2018-02-22T14:00:00+00:00,2.2.2,gachi,standard,area,gangaze,300,bravo,FALSE,longblaster,6,6,0,7,5,1375,s+,81,herospinner_replica,4,2,2,6,6,1141,s+,79,prime_collabo,6,5,1,6,5,1170,s+,70,52gal,9,9,0,6,5,896,s+,109,barrelspinner,9,7,2,5,4,928,s+,75,sputtery_hue,15,11,4,5,4,1130,s+,132,splatcharger_collabo,4,3,1,6,3,1150,s+,65,prime_collabo,6,4,2,7,5,1314,s+,88
2018-02-22T14:00:00+00:00,2.2.2,regular,standard,nawabari,hakofugu,180,bravo,FALSE,prime,1,1,0,1,2,592,,35,splatroller,1,1,0,5,0,606,,40,sputtery_hue,0,0,0,6,1,709,,34,sputtery,0,0,0,5,1,525,,29,barrelspinner,8,6,2,1,1,429,,71,liter4k,6,5,1,0,2,464,,91,sshooter,5,4,1,0,2,808,,67,splatspinner,5,2,3,1,3,781,,64
2018-02-22T14:00:00+00:00,2.2.2,regular,standard,nawabari,hakofugu,180,bravo,FALSE,pablo,5,5,0,3,2,927,,69,hokusai_hue,3,2,1,4,1,466,,27,bold,3,2,1,6,2,799,,33,splatcharger,1,1,0,2,1,541,,12,splatcharger,2,1,1,1,2,537,,20,maneuver,10,10,0,2,3,1063,,42,hissen,7,3,4,4,1,564,,81,sputtery_hue,1,1,0,3,2,819,,38
2018-02-22T14:00:00+00:00,2.2.2,gachi,standard,area,chozame,249,alpha,TRUE,screwslosher_neo,9,5,4,5,3,775,s,76,bold,8,7,1,6,3,676,s,61,nzap85,10,6,4,4,4,1063,s,85,heroshooter_replica,6,5,1,6,3,863,s,70,carbon,6,4,2,7,1,609,s,89,nzap85,5,1,4,4,4,1192,s,87,splatroller,7,7,0,7,3,906,s,49,nzap85,11,8,3,5,3,792,s,61
2018-02-22T14:00:00+00:00,2.2.2,regular,standard,nawabari,fujitsubo,180,bravo,,nzap89,4,4,0,2,3,966,,65,heromaneuver_replica,3,2,1,3,2,871,,80,splatroller,4,4,0,5,1,707,,91,promodeler_mg,0,0,0,1,1,0,,24,maneuver,2,1,1,3,5,951,,102,h3reelgun,2,1,1,2,4,848,,62,heroroller_replica,7,6,1,3,1,576,,56,sputtery_hue,4,3,1,2,2,534,,103
2018-02-22T14:00:00+00:00,2.2.2,gachi,squad_4,hoko,manta,304,alpha,FALSE,pablo,9,8,1,9,5,1130,s+,78,nzap85,11,9,2,11,2,1092,a,77,splatscope,3,1,2,7,2,975,s+,88,maneuver_collabo,14,9,5,9,4,1221,s+,105,hydra,9,7,2,5,1,844,s+,83,carbon,12,11,1,6,3,1144,s+,78,wakaba,10,7,3,8,4,1282,s+,69,kelvin525,12,9,3,8,3,941,s+,111
2018-02-22T14:00:00+00:00,2.2.2,gachi,squad_2,hoko,manta,120,alpha,TRUE,jetsweeper_custom,2,0,2,2,1,507,s,73,bold,2,1,1,4,0,409,a,56,jetsweeper_custom,5,5,0,3,0,695,s,102,prime,5,4,1,2,2,605,s,68,screwslosher_neo,8,6,2,3,1,536,s,57,soytuber,2,2,0,3,1,411,s,63,nzap89,3,1,2,0,5,861,s+,63,prime_collabo,3,2,1,5,0,307,a,33
2018-02-22T14:00:00+00:00,2.2.2,gachi,standard,area,gangaze,154,alpha,TRUE,prime_collabo,5,5,0,1,2,742,b+,49,bold,2,1,1,5,1,609,b-,57,splatroller,7,5,2,2,2,619,b,34,splatroller,4,4,0,3,2,527,b-,22,maneuver_collabo,5,5,0,4,2,622,b-,21,splatroller,6,5,1,5,1,531,b-,45,dualsweeper,2,1,1,3,2,536,b+,46,wakaba,1,0,1,3,1,690,b+,56
2018-02-22T14:00:00+00:00,2.2.2,gachi,standard,area,chozame,161,bravo,TRUE,heroshooter_replica,4,2,2,3,2,489,b-,63,pablo_hue,3,3,0,6,1,450,b,35,screwslosher,4,3,1,5,1,525,b,58,nzap89,4,4,0,6,2,526,b-,49,bold,8,6,2,4,2,683,b+,82,nzap85,11,8,3,2,2,792,b-,62,clashblaster,6,4,2,2,0,451,b,43,splatroller,2,2,0,6,0,276,b-,27
2018-02-22T14:00:00+00:00,2.2.2,gachi,squad_2,hoko,arowana,300,bravo,FALSE,nzap85,7,5,2,9,0,828,s+,95,sputtery,12,10,2,7,2,783,s+,57,bold,9,7,2,7,3,1218,s+,82,rapid_elite,9,5,4,8,2,747,s+,58,wakaba,9,5,4,7,5,1185,s+,49,hotblaster,11,8,3,10,1,685,s,58,52gal_deco,13,12,1,6,2,996,s+,86,splatcharger,9,6,3,5,3,938,s+,68
2018-02-22T14:00:00+00:00,2.2.2,regular,standard,nawabari,fujitsubo,180,alpha,FALSE,bucketslosher_deco,6,6,0,3,3,963,,68,maneuver,6,4,2,3,2,756,,9,nzap85,7,5,2,2,3,883,,51,herocharger_replica,3,2,1,3,1,644,,59,sputtery_hue,3,2,1,3,4,1042,,42,barrelspinner_deco,3,2,1,5,1,573,,67,sputtery_hue,7,6,1,6,1,660,,63,promodeler_rg,1,1,0,3,3,839,,81
2018-02-22T14:00:00+00:00,2.2.2,regular,standard,nawabari,fujitsubo,180,bravo,FALSE,prime,5,2,3,1,2,713,,35,barrelspinner,3,1,2,2,1,537,,71,liter4k,5,5,0,3,2,597,,91,momiji,5,5,0,3,2,999,,44,sputtery_hue,5,5,0,3,3,1058,,34,dualsweeper,0,0,0,5,1,587,,29,splatroller,4,3,1,3,0,455,,53,nzap89,1,1,0,2,2,932,,34
2018-02-22T14:00:00+00:00,2.2.2,gachi,squad_2,hoko,arowana,97,bravo,TRUE,jetsweeper_custom,6,3,3,2,1,351,s+,89,barrelspinner,3,2,1,1,2,322,a,80,jetsweeper_custom,3,2,1,3,1,242,a,91,96gal_deco,2,2,0,2,0,348,s+,49,maneuver_collabo,4,4,0,1,0,296,s+,87,sputtery_hue,3,3,0,3,1,360,s,66,clashblaster,3,1,2,3,0,333,b,47,parashelter,0,0,0,2,1,454,s+,63
2018-02-22T14:00:00+00:00,2.2.2,gachi,squad_2,hoko,arowana,97,bravo,TRUE,jetsweeper_custom,3,2,1,3,1,242,a,91,jetsweeper_custom,6,3,3,2,1,351,s+,89,barrelspinner,3,2,1,1,2,322,a,80,96gal_deco,2,2,0,2,0,348,s+,49,maneuver_collabo,4,4,0,1,0,296,s+,87,sputtery_hue,3,3,0,3,1,360,s,66,clashblaster,3,1,2,3,0,333,b,47,parashelter,0,0,0,2,1,454,s+,63
2018-02-22T14:00:00+00:00,2.2.2,gachi,standard,area,gangaze,236,alpha,TRUE,dualsweeper,5,3,2,2,6,1117,s+,69,carbon,10,8,2,6,3,872,s+,55,wakaba,8,3,5,4,6,1299,s+,50,nzap85,10,6,4,5,4,1026,s+,69,wakaba,9,3,6,5,5,1285,s+,79,heromaneuver_replica,4,3,1,5,3,1029,s+,82,barrelspinner,4,3,1,4,2,900,s+,42,sshooter,7,7,0,6,4,1019,s+,50
2018-02-22T14:00:00+00:00,2.2.2,gachi,squad_2,hoko,arowana,300,alpha,FALSE,bucketslosher_deco,8,5,3,6,3,878,s+,78,splatroller,6,5,1,7,3,852,s+,73,promodeler_mg,6,4,2,6,4,1135,s+,104,splatroller,14,10,4,5,3,897,s+,77,hissen,11,8,3,6,4,824,s+,85,bold,8,6,2,10,4,1051,s+,102,herocharger_replica,7,5,2,4,4,846,s+,159,nzap85,12,5,7,5,3,1166,s+,85
2018-02-22T14:00:00+00:00,2.2.2,regular,standard,nawabari,hakofugu,180,alpha,FALSE,prime,4,2,2,1,3,660,,69,maneuver,12,10,2,2,4,1003,,42,hissen,11,5,6,1,2,537,,81,nzap85,5,3,2,1,1,409,,70,splatcharger,1,0,1,2,2,614,,20,bold,0,0,0,8,1,612,,33,splatcharger,0,0,0,1,1,0,,12,hissen,5,5,0,9,0,502,,17
2018-02-22T14:00:00+00:00,2.2.2,gachi,standard,area,chozame,300,bravo,FALSE,longblaster,7,5,2,7,4,1244,s+,81,nzap85,6,5,1,7,4,1292,s+,69,sshooter,4,4,0,13,2,952,s+,83,splatcharger_collabo,7,7,0,5,7,1493,s+,73,barrelspinner_deco,10,4,6,3,6,1544,s+,82,nzap85,14,11,3,8,5,1561,s+,57,sputtery_hue,12,10,2,4,4,1072,s+,132,sshooter,7,4,3,7,3,916,s+,68
2018-02-22T14:00:00+00:00,2.2.2,regular,standard,nawabari,fujitsubo,180,bravo,,nzap89,6,4,2,4,2,812,,65,h3reelgun,2,0,2,2,4,984,,62,parashelter,3,2,1,5,2,762,,102,heroroller_replica,7,7,0,5,1,670,,56,bold,3,1,2,5,2,985,,43,bold,1,1,0,2,3,975,,91,heromaneuver_replica,7,6,1,2,3,908,,80,splatroller,8,8,0,4,1,613,,91
2018-02-22T14:00:00+00:00,2.2.2,gachi,squad_2,hoko,arowana,318,alpha,FALSE,jetsweeper_custom,9,5,4,4,3,888,s,73,prime,12,9,3,7,2,824,s,68,parashelter,9,7,2,6,4,1426,s,82,splatcharger,13,13,0,6,2,883,s+,86,sshooter,12,12,0,7,5,1123,a-,29,splatroller,0,0,0,10,0,678,s+,38,splatroller,4,4,0,9,3,864,a-,57,liter4k_scope_custom,10,7,3,8,4,1324,s+,62
2018-02-22T14:00:00+00:00,2.2.2,regular,standard,nawabari,hakofugu,180,alpha,FALSE,bucketslosher_deco,6,5,1,2,3,1049,,68,sputtery_hue,5,5,0,4,3,910,,42,barrelspinner_deco,2,2,0,4,1,501,,67,sputtery_hue,6,6,0,2,2,661,,63,maneuver,6,5,1,4,3,825,,9,nzap85,2,2,0,6,1,605,,51,herocharger_replica,4,4,0,4,2,629,,59,nzap85,1,1,0,4,1,536,,64
2018-02-22T14:00:00+00:00,2.2.2,gachi,standard,area,gangaze,81,alpha,TRUE,prime_collabo,3,3,0,1,1,346,s+,80,maneuver_collabo,5,4,1,2,1,378,s+,103,screwslosher_neo,5,4,1,0,1,420,s+,71,heroblaster_replica,2,1,1,1,1,249,s+,76,bamboo14mk1,3,3,0,3,1,437,s+,104,sshooter,1,0,1,4,0,246,s+,84,hotblaster,1,1,0,2,0,251,s+,51,splatcharger,0,0,0,3,1,286,s+,95
2018-02-22T14:00:00+00:00,2.2.2,gachi,standard,area,chozame,222,alpha,TRUE,screwslosher_neo,8,5,3,2,3,837,s,76,sshooter_collabo,4,3,1,4,3,865,s,65,variableroller_foil,8,5,3,3,3,734,s,75,jetsweeper_custom,10,7,3,1,5,1041,s,58,splatroller,3,3,0,6,2,758,s,64,splatcharger_collabo,3,3,0,4,4,830,s,70,maneuver_collabo,2,2,0,4,1,851,s,67,bold,2,1,1,7,2,982,s,26
2018-02-22T14:00:00+00:00,2.2.2,gachi,squad_2,hoko,arowana,39,bravo,TRUE,jetsweeper_custom,1,0,1,2,0,199,a,91,bucketslosher,1,1,0,2,0,209,a-,33,jetsweeper_custom,0,0,0,2,0,100,s+,89,longblaster,0,0,0,1,0,123,a,31,sputtery_hue,4,4,0,0,0,155,b,74,prime_collabo,4,3,1,0,0,169,s+,55,sshooter,2,0,2,0,0,192,s+,82,dualsweeper,1,0,1,1,0,176,s+,82
2018-02-22T14:00:00+00:00,2.2.2,gachi,squad_2,hoko,arowana,39,bravo,TRUE,jetsweeper_custom,0,0,0,2,0,100,s+,89,bucketslosher,1,1,0,2,0,209,a-,33,jetsweeper_custom,1,0,1,2,0,199,a,91,longblaster,0,0,0,1,0,123,a,31,sputtery_hue,4,4,0,0,0,155,b,74,prime_collabo,4,3,1,0,0,169,s+,55,sshooter,2,0,2,0,0,192,s+,82,dualsweeper,1,0,1,1,0,176,s+,82
2018-02-22T14:00:00+00:00,2.2.2,regular,standard,nawabari,hakofugu,180,alpha,FALSE,prime,9,6,3,1,2,787,,35,splatspinner,4,3,1,3,1,635,,91,dualsweeper,1,0,1,3,1,611,,29,splatroller,10,9,1,3,2,809,,53,barrelspinner,5,4,1,4,1,477,,71,sputtery_hue,3,2,1,6,2,834,,34,momiji,2,1,1,4,2,809,,44,prime_collabo,3,3,0,4,2,708,,34
2018-02-22T14:00:00+00:00,2.2.2,gachi,standard,area,chozame,270,alpha,TRUE,heroshooter_replica,11,9,2,4,2,757,b-,63,prime_collabo,4,4,0,9,2,720,b+,47,splatroller,7,6,1,10,3,832,b,55,nzap89,10,6,4,9,4,1230,b-,67,nzap89,9,7,2,5,3,834,b-,49,splatscope,4,3,1,4,5,790,b-,52,nzap89,17,15,2,9,4,1085,b-,46,momiji,8,6,2,8,3,975,b,31
2018-02-22T14:00:00+00:00,2.2.2,gachi,squad_4,hoko,manta,26,alpha,TRUE,pablo,1,1,0,0,0,218,s+,78,nzap85,1,0,1,0,0,134,a,77,splatscope,1,1,0,1,0,150,s+,88,maneuver_collabo,1,1,0,2,0,99,s+,105,soytuber_custom,0,0,0,1,0,88,s+,83,hotblaster,2,2,0,0,0,116,s+,83,hotblaster,0,0,0,1,0,141,a,87,sputtery,0,0,0,1,0,68,s+,112
2018-02-22T14:00:00+00:00,2.2.2,regular,standard,nawabari,fujitsubo,180,bravo,FALSE,prime,7,3,4,4,2,771,,70,splatcharger,7,6,1,2,0,512,,20,heroshooter_replica,9,9,0,2,1,830,,70,wakaba,6,3,3,3,2,701,,23,maneuver,8,7,1,4,4,964,,42,bold,2,0,2,6,2,628,,33,hissen,6,4,2,6,0,641,,81,promodeler_mg,0,0,0,5,2,756,,17
2018-02-22T14:00:00+00:00,2.2.2,gachi,standard,area,gangaze,201,alpha,TRUE,dualsweeper,7,4,3,1,6,1263,s+,69,hissen,8,5,3,3,4,854,s+,132,maneuver_collabo,8,6,2,5,3,938,s+,76,heromaneuver_replica,5,4,1,6,2,637,s+,82,maneuver_collabo,5,2,3,7,1,695,s+,89,parashelter,6,4,2,7,2,724,s+,48,h3reelgun,6,5,1,2,5,785,s+,73,dualsweeper,6,4,2,3,8,1304,s+,76
2018-02-22T14:00:00+00:00,2.2.2,gachi,squad_2,hoko,arowana,228,alpha,TRUE,nzap85,7,4,3,3,2,772,s+,95,bold,9,6,3,5,2,891,s+,82,momiji,3,3,0,3,3,1124,s,82,sshooter,10,9,1,3,2,701,s,64,splatcharger,0,0,0,7,0,597,b,27,nzap85,10,9,1,5,3,832,s+,70,liter4k_scope,2,1,1,4,3,803,a-,35,herocharger_replica,4,4,0,7,2,604,a,38
2018-02-22T14:00:00+00:00,2.2.2,gachi,standard,area,chozame,91,bravo,TRUE,prime_collabo,3,1,2,3,0,358,s+,80,nzap85,3,3,0,3,2,555,s+,77,screwslosher_neo,3,2,1,3,1,359,s+,57,heromaneuver_replica,2,2,0,3,1,346,s+,80,dynamo,7,6,1,2,1,374,s+,82,splatroller,1,1,0,2,1,341,s+,66,parashelter,1,0,1,2,1,520,s+,71,screwslosher_neo,7,5,2,2,0,282,s+,115
2018-02-22T14:00:00+00:00,2.2.2,gachi,squad_2,hoko,manta,300,bravo,FALSE,jetsweeper_custom,17,8,9,3,5,1067,a,91,jetsweeper_custom,12,8,4,10,2,1024,s+,89,bold,10,6,4,11,1,1028,s+,86,variableroller_foil,8,6,2,6,4,948,b+,64,sputtery,14,11,3,7,2,0,s+,87,variableroller_foil,9,9,0,7,3,1130,b+,46,longblaster,7,7,0,9,0,630,c+,25,splatcharger_collabo,2,2,0,6,3,988,b-,37
2018-02-22T14:00:00+00:00,2.2.2,gachi,squad_2,hoko,manta,300,bravo,FALSE,jetsweeper_custom,12,8,4,10,2,1024,s+,89,jetsweeper_custom,17,8,9,3,5,1067,a,91,bold,10,6,4,11,1,1028,s+,86,variableroller_foil,8,6,2,6,4,948,b+,64,sputtery,14,11,3,7,2,0,s+,87,variableroller_foil,9,9,0,7,3,1130,b+,46,longblaster,7,7,0,9,0,630,c+,25,splatcharger_collabo,2,2,0,6,3,988,b-,37
2018-02-22T14:00:00+00:00,2.2.2,gachi,squad_4,hoko,manta,134,bravo,TRUE,pablo,7,5,2,5,1,507,s+,78,nzap85,4,2,2,8,0,341,a,77,splatscope,4,4,0,4,1,526,s+,88,maneuver_collabo,5,3,2,5,1,414,s+,105,52gal_deco,6,5,1,4,1,483,s+,89,bucketslosher_deco,5,4,1,4,1,617,s+,95,screwslosher_neo,5,3,2,3,1,423,s+,84,hotblaster,10,9,1,3,1,588,a,28
2018-02-22T14:00:00+00:00,2.2.2,regular,standard,nawabari,hakofugu,180,alpha,,nzap89,7,6,1,1,3,859,,65,bold,4,2,2,3,3,980,,47,jetsweeper,5,3,2,2,2,776,,43,nzap89,6,5,1,4,2,743,,102,h3reelgun,4,2,2,4,3,921,,62,bold,2,2,0,4,3,877,,91,sharp,2,2,0,4,0,738,,55,heroroller_replica,4,4,0,5,1,664,,56
2018-02-22T14:00:00+00:00,2.2.2,gachi,squad_2,hoko,arowana,300,alpha,FALSE,bucketslosher_deco,10,8,2,4,2,959,s+,78,splatroller,7,6,1,8,2,835,s+,73,promodeler_mg,4,2,2,3,4,1152,s+,104,splatroller,17,12,5,4,3,856,s+,77,heroshooter_replica,7,6,1,10,0,938,s+,73,sshooter,8,4,4,6,3,864,s,56,nzap85,6,4,2,7,3,972,s+,83,barrelspinner,7,5,2,5,5,1165,s+,97
2018-02-22T16:00:00+00:00,2.2.2,regular,standard,nawabari,arowana,180,alpha,FALSE,carbon,11,8,3,3,3,750,,68,nzap85,1,1,0,4,2,926,,98,screwslosher_neo,1,1,0,3,1,580,,76,sputtery_hue,7,4,3,1,3,979,,64,nzap85,3,1,2,3,2,953,,76,splatroller,4,3,1,4,1,679,,74,96gal_deco,5,4,1,4,2,590,,51,herocharger_replica,3,3,0,3,2,855,,80
2018-02-22T16:00:00+00:00,2.2.2,gachi,standard,yagura,mozuku,269,bravo,TRUE,prime,7,7,0,5,4,1029,a-,35,nzap85,11,9,2,10,2,968,a+,38,bold,4,3,1,12,2,1080,a,96,heroroller_replica,4,4,0,10,1,590,a-,29,maneuver_collabo,21,17,4,4,4,1080,a+,56,prime_collabo,10,8,2,9,2,784,a-,72,dualsweeper,15,6,9,3,4,1069,a+,71,nzap85,12,6,6,7,3,883,a+,37
2018-02-22T16:00:00+00:00,2.2.2,gachi,standard,yagura,mozuku,183,alpha,TRUE,prime_collabo,6,5,1,2,3,885,s+,80,nzap85,8,5,3,3,4,769,s+,93,parashelter,7,5,2,4,4,928,s+,74,splatcharger_collabo,6,5,1,4,2,569,s+,66,heromaneuver_replica,7,6,1,6,2,656,s+,78,sputtery_hue,3,3,0,5,2,749,s+,54,bottlegeyser,4,2,2,5,2,686,s+,92,splatcharger,4,2,2,4,2,665,s+,37
2018-02-22T16:00:00+00:00,2.2.2,gachi,standard,yagura,mozuku,265,alpha,TRUE,dualsweeper,4,2,2,2,8,1530,s+,69,sshooter,13,12,1,2,4,1019,s+,72,nzap85,8,4,4,4,5,1070,s+,72,hotblaster,10,7,3,4,3,602,s+,65,h3reelgun,3,2,1,6,4,1063,s+,73,nzap85,2,2,0,8,2,898,s+,89,rapid_elite,5,4,1,5,5,1150,s+,83,sshooter,7,4,3,6,1,877,s+,47
2018-02-22T16:00:00+00:00,2.2.2,gachi,standard,yagura,battera,308,bravo,FALSE,splatroller_collabo,16,15,1,6,4,862,b+,40,prime_collabo,7,6,1,10,3,771,b-,21,maneuver_collabo,4,4,0,10,1,958,b,32,hissen,12,6,6,9,4,778,b+,40,nzap85,14,9,5,8,3,1197,b-,25,hotblaster,12,4,8,8,1,738,b-,23,splatroller,8,7,1,10,1,612,b,39,herospinner_replica,16,15,1,5,4,1150,b+,91
2018-02-22T16:00:00+00:00,2.2.2,gachi,standard,yagura,battera,306,alpha,FALSE,heroshooter_replica,11,9,2,5,2,1090,b-,63,nzap85,13,8,5,6,3,848,b+,53,screwslosher,9,6,3,9,3,927,b-,31,herocharger_replica,13,10,3,6,0,782,b,40,sshooter,9,6,3,5,2,1031,b,41,dualsweeper,3,1,2,11,3,970,b-,56,hotblaster,11,10,1,7,2,731,b-,80,nzap85,10,9,1,10,3,986,b-,39
2018-02-22T16:00:00+00:00,2.2.2,regular,standard,nawabari,tachiuo,180,alpha,FALSE,carbon,3,1,2,4,1,523,,68,heromaneuver_replica,4,2,2,3,3,815,,80,maneuver,6,5,1,3,3,650,,64,splatcharger,8,8,0,1,2,689,,85,heroslosher_replica,3,3,0,4,1,702,,76,nzap85,5,2,3,5,2,782,,98,hotblaster,7,6,1,6,0,397,,51,liter4k,2,0,2,2,2,677,,76
2018-02-22T16:00:00+00:00,2.2.2,gachi,standard,yagura,mozuku,300,bravo,FALSE,prime_collabo,6,4,2,11,2,904,s+,80,heroroller_replica,9,8,1,7,3,1147,s+,81,hotblaster_custom,9,8,1,10,1,693,s+,79,sshooter_collabo,8,6,2,9,3,1001,s+,82,rapid,17,10,7,5,1,1102,s+,68,hotblaster,15,9,6,7,1,715,s+,92,barrelspinner,11,8,3,5,4,1118,s+,104,sshooter,10,10,0,9,3,1010,s+,83
2018-02-22T16:00:00+00:00,2.2.2,gachi,standard,yagura,mozuku,300,alpha,FALSE,prime,8,7,1,5,3,995,a-,35,nzap85,6,6,0,5,5,1205,a+,63,nzap85,3,2,1,4,4,1129,a-,72,squiclean_a,2,1,1,9,1,870,a-,44,splatcharger,7,7,0,2,5,986,a-,52,sputtery_hue,9,5,4,9,6,1312,a-,47,nzap85,9,5,4,2,6,1125,a-,44,nzap89,7,6,1,3,3,1013,a,69
2018-02-22T16:00:00+00:00,2.2.2,gachi,squad_2,asari,devon,323,bravo,FALSE,jetsweeper_custom,4,1,3,8,3,868,s+,89,sputtery_hue,17,13,4,10,2,975,a-,37,nzap89,10,9,1,7,5,1239,a,91,dualsweeper,4,3,1,9,2,782,,30,hotblaster,19,17,2,8,1,900,b+,52,sputtery_hue,15,11,4,7,4,1505,s,38,52gal,9,5,4,5,2,832,a,61,pablo,1,1,0,6,0,438,a-,41
2018-02-22T16:00:00+00:00,2.2.2,gachi,squad_2,asari,devon,323,bravo,FALSE,nzap89,10,9,1,7,5,1239,a,91,sputtery_hue,17,13,4,10,2,975,a-,37,jetsweeper_custom,4,1,3,8,3,868,s+,89,dualsweeper,4,3,1,9,2,782,,30,hotblaster,19,17,2,8,1,900,b+,52,sputtery_hue,15,11,4,7,4,1505,s,38,52gal,9,5,4,5,2,832,a,61,pablo,1,1,0,6,0,438,a-,41
2018-02-22T16:00:00+00:00,2.2.2,regular,standard,nawabari,tachiuo,180,bravo,,nzap89,3,3,0,3,3,875,,65,l3reelgun,4,3,1,4,3,915,,62,sputtery_hue,3,3,0,5,1,663,,75,sshooter_collabo,0,0,0,5,2,641,,9,promodeler_mg,6,6,0,1,6,1262,,100,sharp,3,3,0,3,0,915,,29,96gal,7,7,0,3,2,709,,102,dualsweeper,1,0,1,2,2,513,,43
2018-02-22T16:00:00+00:00,2.2.2,gachi,standard,yagura,mozuku,300,alpha,FALSE,splatroller_collabo,18,12,6,7,1,590,b+,40,jetsweeper,18,13,5,5,4,895,b+,19,nzap85,15,11,4,7,5,1284,b-,25,clashblaster,14,10,4,8,0,929,b,33,hotblaster,13,11,2,10,2,784,b,68,nzap85,13,9,4,13,1,971,b-,40,nova,5,4,1,9,2,749,b,21,nzap85,5,3,2,14,1,806,b,19
2018-02-22T16:00:00+00:00,2.2.2,regular,standard,nawabari,tachiuo,180,alpha,FALSE,carbon,4,4,0,5,1,568,,68,nzap85,4,3,1,5,2,898,,98,longblaster,6,4,2,6,0,466,,51,liter4k,0,0,0,3,2,608,,76,heroslosher_replica,3,2,1,3,2,679,,76,sputtery,4,4,0,1,2,761,,64,hissen,10,7,3,5,1,608,,84,splatscope,7,5,2,3,1,516,,46
2018-02-22T16:00:00+00:00,2.2.2,gachi,squad_2,asari,ama,131,bravo,TRUE,nzap85,2,1,1,5,0,489,s+,95,52gal,2,1,1,4,1,517,s,73,bamboo14mk1,1,1,0,2,4,841,a-,61,splatroller,2,1,1,3,1,540,s+,82,longblaster,4,3,1,1,2,575,,71,splatspinner,7,6,1,0,3,621,,63,52gal_deco,4,2,2,2,2,555,s+,84,wakaba,7,3,4,1,3,743,s+,55
2018-02-22T16:00:00+00:00,2.2.2,gachi,standard,yagura,battera,141,bravo,TRUE,heroshooter_replica,4,4,0,2,1,565,b-,63,sshooter,2,2,0,5,1,505,b-,45,kelvin525,0,0,0,2,2,567,b-,48,sputtery_hue,0,0,0,6,0,289,b,54,rapid_deco,3,2,1,1,2,374,b-,57,heroshooter_replica,4,3,1,2,2,489,b-,30,wakaba,8,4,4,1,4,836,b-,47,heromaneuver_replica,6,6,0,2,3,638,b-,32
2018-02-22T16:00:00+00:00,2.2.2,gachi,standard,yagura,battera,124,alpha,TRUE,prime_collabo,5,3,2,2,2,615,s+,80,wakaba,6,4,2,2,2,643,s+,88,heroroller_replica,6,6,0,6,1,339,s+,81,barrelspinner,2,0,2,4,0,328,s+,104,barrelspinner,5,5,0,3,2,568,s+,97,splatcharger,0,0,0,0,0,0,s+,106,maneuver_collabo,6,3,3,4,0,532,s+,51,sshooter,7,6,1,6,0,305,s+,74
2018-02-22T16:00:00+00:00,2.2.2,regular,standard,nawabari,tachiuo,180,alpha,FALSE,prime,1,1,0,3,2,757,,70,bold,1,0,1,3,2,918,,65,momiji,3,3,0,4,3,1009,,61,52gal,3,3,0,4,1,587,,38,sshooter,3,2,1,2,1,771,,56,sputtery_hue,4,4,0,2,1,631,,43,spygadget,3,3,0,2,3,659,,58,prime_collabo,4,4,0,1,2,807,,70
2018-02-22T16:00:00+00:00,2.2.2,gachi,standard,yagura,battera,301,bravo,FALSE,prime,6,3,3,4,5,988,a-,35,splatroller,13,12,1,12,1,622,a-,47,sputtery_hue,11,9,2,5,5,1351,a-,73,jetsweeper_custom,10,8,2,5,4,1115,a-,50,sputtery_hue,6,5,1,8,4,1173,a+,76,carbon,6,4,2,6,4,995,a,62,nzap85,9,6,3,8,2,1028,a,87,prime_collabo,12,11,1,10,1,873,a,89
2018-02-22T16:00:00+00:00,2.2.2,regular,standard,nawabari,arowana,180,bravo,FALSE,carbon,9,9,0,3,2,746,,68,splatscope,3,2,1,3,1,692,,46,heromaneuver_replica,5,4,1,3,3,872,,80,rapid_deco,5,1,4,6,0,556,,33,heroslosher_replica,4,4,0,4,2,595,,76,nzap85,3,1,2,5,2,876,,98,sputtery,4,3,1,2,3,886,,64,hissen,9,7,2,5,1,688,,84
2018-02-22T16:00:00+00:00,2.2.2,gachi,standard,yagura,battera,281,alpha,TRUE,heroshooter_replica,9,8,1,3,2,756,b-,63,nzap89,9,6,3,3,6,1038,b-,55,nzap89,11,10,1,3,6,1339,b,46,96gal,5,2,3,6,3,556,b-,54,nzap85,8,4,4,6,4,1266,b+,46,nzap89,4,4,0,9,2,822,b,38,hokusai,4,3,1,3,2,617,b,51,splatroller,4,4,0,8,0,603,b-,43
2018-02-22T16:00:00+00:00,2.2.2,gachi,squad_2,asari,devon,300,alpha,FALSE,jetsweeper_custom,12,9,3,4,4,1096,a,91,prime,6,3,3,4,2,584,b+,52,jetsweeper_custom,6,4,2,10,0,803,s+,89,nzap89,5,4,1,3,3,944,a,71,soytuber,7,7,0,3,1,690,b+,52,barrelspinner_deco,5,5,0,5,3,1130,c-,17,52gal,5,5,0,5,3,864,a,61,bold,5,4,1,7,2,967,,14
2018-02-22T16:00:00+00:00,2.2.2,gachi,squad_2,asari,devon,300,alpha,FALSE,jetsweeper_custom,6,4,2,10,0,803,s+,89,jetsweeper_custom,12,9,3,4,4,1096,a,91,prime,6,3,3,4,2,584,b+,52,nzap89,5,4,1,3,3,944,a,71,soytuber,7,7,0,3,1,690,b+,52,barrelspinner_deco,5,5,0,5,3,1130,c-,17,52gal,5,5,0,5,3,864,a,61,bold,5,4,1,7,2,967,,14
2018-02-22T16:00:00+00:00,2.2.2,gachi,standard,yagura,mozuku,300,bravo,FALSE,dualsweeper,8,5,3,6,7,1401,s+,69,herocharger_replica,4,4,0,6,3,1054,s+,77,maneuver_collabo,7,5,2,10,2,1134,s+,67,nova,9,7,2,9,4,893,s+,87,sshooter,17,13,4,7,4,1127,s+,74,splatcharger,4,3,1,5,1,903,s+,73,screwslosher_neo,11,7,4,7,4,1103,s+,90,dualsweeper,10,8,2,2,8,1427,s+,38
2018-02-22T16:00:00+00:00,2.2.2,regular,standard,nawabari,arowana,180,alpha,,prime_collabo,4,4,0,1,2,687,,65,sputtery,2,2,0,5,3,868,,41,l3reelgun,0,0,0,3,2,746,,62,heroroller_replica,2,1,1,7,0,236,,7,sshooter_collabo,8,6,2,2,2,824,,100,splatroller,9,9,0,3,3,818,,102,bold,0,0,0,2,0,663,,37,splatroller,0,0,0,0,0,0,,52
2018-02-22T16:00:00+00:00,2.2.2,regular,standard,nawabari,arowana,180,bravo,FALSE,prime,3,3,0,2,3,791,,70,spygadget,6,2,4,2,3,799,,61,sshooter_collabo,4,3,1,4,1,736,,42,promodeler_mg,3,3,0,2,2,807,,60,splatroller,4,4,0,2,2,593,,56,sputtery_hue,1,1,0,2,3,970,,43,52gal_deco,2,2,0,3,1,679,,38,promodeler_mg,4,3,1,4,4,1228,,33
2018-02-22T16:00:00+00:00,2.2.2,regular,standard,nawabari,tachiuo,180,bravo,FALSE,carbon,6,6,0,3,2,657,,68,heroslosher_replica,5,4,1,4,2,706,,76,nzap85,6,2,4,4,3,884,,98,kelvin525,2,1,1,4,2,597,,64,hissen,6,5,1,4,3,873,,84,splatscope,1,0,1,2,1,469,,46,heromaneuver_replica,5,5,0,3,2,637,,80,sshooter_collabo,3,3,0,6,0,721,,33
2018-02-22T16:00:00+00:00,2.2.2,gachi,standard,yagura,mozuku,301,bravo,FALSE,prime,14,10,4,3,3,746,a-,35,wakaba,10,8,2,5,4,1025,a,59,nzap85,9,5,4,2,5,1049,a-,44,nzap85,10,7,3,9,2,944,a+,50,jetsweeper_custom,3,3,0,8,4,925,a-,39,nova,10,8,2,6,3,792,a+,53,barrelspinner_deco,7,6,1,5,6,1294,a-,48,nzap85,3,2,1,11,2,646,a,49
2018-02-22T16:00:00+00:00,2.2.2,gachi,squad_2,asari,devon,302,bravo,FALSE,jetsweeper_custom,5,5,0,8,2,659,s+,95,sshooter,7,5,2,14,0,836,s+,76,splatcharger,8,8,0,8,1,654,s+,93,splatroller,8,8,0,6,3,1285,s+,82,nzap85,10,6,4,9,1,916,s,81,barrelspinner_deco,12,9,3,5,1,1033,a-,61,jetsweeper,9,4,5,6,2,508,,23,sshooter_collabo,17,17,0,6,2,914,s+,79
2018-02-22T16:00:00+00:00,2.2.2,regular,standard,nawabari,tachiuo,180,alpha,,prime_collabo,4,2,2,0,2,698,,65,sputtery,5,5,0,1,4,1028,,41,l3reelgun,4,4,0,3,1,747,,62,splatspinner,3,3,0,2,3,651,,100,rapid_elite,1,1,0,6,1,669,,47,splatroller,3,3,0,4,1,623,,102,heroroller_replica,1,1,0,4,1,594,,7,pablo,1,1,0,2,1,593,,34
2018-02-22T16:00:00+00:00,2.2.2,gachi,standard,yagura,battera,154,bravo,TRUE,heroshooter_replica,4,3,1,2,1,563,b,63,nzap85,4,3,1,4,2,580,b,53,wakaba,6,4,2,3,2,676,b,74,nzap89,4,2,2,7,0,502,b+,53,nzap85,5,3,2,3,2,619,b+,32,nzap89,8,7,1,3,3,670,b,42,heroroller_replica,5,4,1,2,3,617,b+,71,sputtery,4,2,2,4,3,463,b,31
2018-02-22T16:00:00+00:00,2.2.2,regular,standard,nawabari,arowana,180,bravo,FALSE,carbon,4,3,1,2,2,787,,68,splatscope,3,3,0,5,0,504,,46,hokusai,4,3,1,3,2,453,,80,sputtery,4,4,0,5,0,824,,33,heroslosher_replica,4,3,1,4,2,785,,76,nzap85,5,2,3,2,3,989,,98,maneuver_collabo,2,2,0,4,2,556,,64,hissen,8,8,0,4,0,690,,84
2018-02-22T16:00:00+00:00,2.2.2,gachi,standard,yagura,mozuku,293,alpha,TRUE,dualsweeper,5,3,2,5,8,1492,s+,69,splatroller,7,3,4,7,2,828,s+,62,52gal_deco,13,10,3,7,2,1073,s+,80,hotblaster,10,9,1,8,3,803,s+,58,splatcharger,8,8,0,5,4,935,s+,73,splatroller,5,4,1,6,3,993,s+,41,sshooter,4,4,0,6,3,1079,s+,52,heroblaster_replica,15,11,4,8,2,901,s+,83
2018-02-22T16:00:00+00:00,2.2.2,regular,standard,nawabari,arowana,180,bravo,,screwslosher_neo,4,1,3,3,0,413,,70,dualsweeper,4,2,2,2,3,913,,42,sputtery_hue,3,3,0,4,2,815,,56,splatcharger_collabo,2,1,1,5,1,621,,46,sharp,4,4,0,3,3,880,,72,splatroller,3,3,0,2,3,758,,52,liter4k,7,5,2,1,2,657,,93,splatroller,2,2,0,1,1,569,,21
2018-02-22T16:00:00+00:00,2.2.2,gachi,standard,yagura,mozuku,82,bravo,TRUE,prime,1,1,0,3,0,282,a-,35,nova,3,2,1,3,0,222,a+,37,nzap85,3,3,0,3,0,343,a,96,hotblaster,0,0,0,3,0,212,a,57,bamboo14mk1,3,2,1,1,1,280,a,56,nova,2,2,0,0,2,188,a+,53,nzap85,3,3,0,3,1,222,a-,41,nzap85,6,5,1,2,2,461,a-,88
2018-02-22T16:00:00+00:00,2.2.2,regular,standard,nawabari,arowana,180,alpha,,prime_collabo,5,4,1,2,1,602,,65,l3reelgun,3,2,1,4,2,995,,62,52gal_deco,4,4,0,0,3,848,,100,hotblaster,7,7,0,3,2,643,,102,sputtery,3,3,0,5,3,898,,41,52gal_deco,6,6,0,6,1,848,,72,rapid_elite,0,0,0,6,1,596,,47,pablo,0,0,0,0,0,0,,34
2018-02-22T16:00:00+00:00,2.2.2,gachi,standard,yagura,battera,305,bravo,FALSE,heroshooter_replica,12,10,2,6,2,1042,b,63,bold,6,3,3,11,1,690,b,40,splatroller,13,12,1,11,0,778,b+,51,sshooter_collabo,13,10,3,10,0,873,b-,59,splatroller,14,13,1,8,2,1078,b,69,sshooter,9,8,1,9,3,1132,b-,34,nova,10,7,3,11,2,639,b-,37,sshooter,13,10,3,7,3,940,b+,50
2018-02-22T16:00:00+00:00,2.2.2,gachi,squad_2,asari,ama,300,alpha,FALSE,herocharger_replica,11,9,2,7,1,794,s+,89,herospinner_replica,31,22,9,6,3,975,a,61,momiji,16,11,5,6,2,1009,a-,47,dualsweeper,15,5,10,5,3,650,a,91,heroshooter_replica,9,7,2,12,2,726,b,24,nzap89,9,6,3,12,1,764,b-,12,bold,7,7,0,12,2,841,b+,25,splatroller_collabo,5,4,1,11,1,700,b-,17
2018-02-22T16:00:00+00:00,2.2.2,gachi,squad_2,asari,ama,300,alpha,FALSE,dualsweeper,15,5,10,5,3,650,a,91,herospinner_replica,31,22,9,6,3,975,a,61,momiji,16,11,5,6,2,1009,a-,47,herocharger_replica,11,9,2,7,1,794,s+,89,heroshooter_replica,9,7,2,12,2,726,b,24,nzap89,9,6,3,12,1,764,b-,12,bold,7,7,0,12,2,841,b+,25,splatroller_collabo,5,4,1,11,1,700,b-,17
2018-02-22T16:00:00+00:00,2.2.2,regular,standard,nawabari,tachiuo,180,alpha,FALSE,carbon,2,2,0,6,1,540,,68,screwslosher_neo,2,1,1,2,2,629,,64,hissen,6,4,2,5,2,708,,84,sputtery,5,5,0,3,1,1045,,33,heroslosher_replica,6,4,2,2,3,752,,76,nzap85,7,6,1,4,3,1025,,98,splatscope,3,3,0,4,0,362,,46,heroshelter_replica,4,1,3,3,2,595,,80
2018-02-22T16:00:00+00:00,2.2.2,gachi,squad_2,asari,devon,251,bravo,TRUE,jetsweeper_custom,10,7,3,5,2,607,s+,95,screwslosher,6,5,1,5,1,593,s+,82,dualsweeper,10,6,4,5,2,935,s+,82,prime_collabo,5,4,1,4,0,622,a+,55,wakaba,7,6,1,5,4,1026,s+,55,52gal_deco,4,4,0,4,3,940,s+,85,prime_collabo,3,3,0,7,1,573,s+,108,96gal_deco,9,6,3,6,1,456,s+,155
2018-02-22T16:00:00+00:00,2.2.2,regular,standard,nawabari,arowana,180,alpha,,screwslosher_neo,7,2,5,3,1,532,,70,jetsweeper,4,3,1,1,4,897,,46,dualsweeper,3,3,0,4,2,870,,42,splatroller,7,7,0,6,1,526,,93,nzap85,4,1,3,3,3,870,,58,splatroller,5,5,0,3,2,737,,52,bold,6,6,0,5,1,698,,27,splatroller,2,2,0,4,1,515,,21
2018-02-22T16:00:00+00:00,2.2.2,gachi,standard,yagura,mozuku,310,alpha,FALSE,prime,8,3,5,8,3,852,a-,35,hissen,20,13,7,7,4,898,a-,40,nzap85,11,4,7,6,4,935,a+,30,splatroller,17,14,3,8,4,835,a+,63,carbon,7,6,1,9,2,680,a,47,longblaster,10,7,3,7,3,884,a-,43,splatroller_collabo,8,6,2,8,3,746,a-,42,sshooter,16,10,6,10,2,1223,a-,50
2018-02-22T16:00:00+00:00,2.2.2,gachi,standard,yagura,mozuku,317,alpha,FALSE,dualsweeper,10,4,6,3,8,1586,s+,69,hotblaster,9,7,2,6,2,0,s+,126,splatroller,16,15,1,9,3,1171,s+,41,hotblaster,15,12,3,10,1,811,s+,58,nzap85,14,10,4,8,6,1299,s+,100,carbon,7,3,4,10,3,882,s+,67,splatroller,8,8,0,9,1,885,s+,62,hotblaster,11,7,4,11,3,1231,s+,115
2018-02-22T16:00:00+00:00,2.2.2,regular,standard,nawabari,tachiuo,180,bravo,,prime_collabo,4,4,0,2,3,902,,65,sputtery,4,4,0,7,2,911,,41,carbon,3,2,1,4,2,809,,47,carbon,0,0,0,4,2,650,,44,nzap85,2,2,0,2,3,972,,102,wakaba,7,5,2,2,3,856,,100,l3reelgun,2,2,0,4,2,845,,62,52gal_deco,8,7,1,3,2,733,,72
2018-02-22T16:00:00+00:00,2.2.2,regular,standard,nawabari,arowana,180,alpha,FALSE,bucketslosher_deco,5,5,0,1,2,876,,68,heroslosher_replica,6,4,2,4,2,716,,76,maneuver,5,4,1,3,2,809,,35,sputtery,4,4,0,3,2,682,,43,sshooter_collabo,1,1,0,3,2,856,,64,hissen,10,8,2,6,1,649,,84,squiclean_a,1,0,1,5,1,453,,46,hotblaster,2,2,0,3,2,442,,81
2018-02-22T16:00:00+00:00,2.2.2,gachi,standard,yagura,mozuku,300,bravo,FALSE,sshooter,12,9,3,9,2,1189,a,53,splatroller_collabo,9,7,2,7,5,1111,a+,65,nzap85,15,11,4,8,4,987,a+,60,splatscope,7,5,2,9,2,905,a+,102,wakaba,18,12,6,7,6,1044,a+,55,nzap85,7,4,3,7,3,1220,a,85,nzap85,16,12,4,7,3,1320,a+,35,hissen,7,5,2,11,3,842,a,48
2018-02-22T16:00:00+00:00,2.2.2,gachi,standard,yagura,battera,229,alpha,TRUE,heroshooter_replica,11,10,1,4,3,764,b,63,sshooter,7,6,1,6,2,349,b+,30,sputtery,12,10,2,7,4,963,b-,35,screwslosher_neo,4,3,1,6,4,946,b,54,nzap85,4,4,0,8,2,725,b-,31,nzap89,3,2,1,9,2,760,b-,67,promodeler_mg,6,5,1,6,2,782,b-,32,hotblaster,12,12,0,6,2,780,b-,47
2018-02-22T16:00:00+00:00,2.2.2,regular,standard,nawabari,tachiuo,180,alpha,,screwslosher_neo,5,3,2,2,1,561,,70,bold,3,3,0,4,1,821,,27,maneuver,1,1,0,1,2,764,,47,sshooter_collabo,3,3,0,5,1,733,,58,wakaba,4,4,0,2,3,943,,82,heroshooter_replica,7,6,1,4,2,804,,23,jetsweeper,1,0,1,1,3,693,,46,squiclean_a,3,2,1,3,2,550,,22
2018-02-22T16:00:00+00:00,2.2.2,gachi,squad_2,asari,ama,286,bravo,TRUE,herocharger_replica,5,4,1,5,2,930,s+,89,herospinner_replica,11,9,2,9,2,696,a,61,momiji,10,5,5,8,1,938,a-,47,dualsweeper,7,2,5,9,1,585,a,91,sputtery,16,16,0,8,2,995,s+,87,carbon,8,7,1,6,3,993,s+,94,hokusai_hue,6,6,0,6,2,749,s+,114,barrelspinner_deco,2,2,0,1,0,0,a+,67
2018-02-22T16:00:00+00:00,2.2.2,gachi,squad_2,asari,ama,286,bravo,TRUE,dualsweeper,7,2,5,9,1,585,a,91,herospinner_replica,11,9,2,9,2,696,a,61,momiji,10,5,5,8,1,938,a-,47,herocharger_replica,5,4,1,5,2,930,s+,89,sputtery,16,16,0,8,2,995,s+,87,carbon,8,7,1,6,3,993,s+,94,hokusai_hue,6,6,0,6,2,749,s+,114,barrelspinner_deco,2,2,0,1,0,0,a+,67
2018-02-22T16:00:00+00:00,2.2.2,gachi,squad_2,asari,devon,295,alpha,TRUE,jetsweeper_custom,13,8,5,7,2,642,s+,95,rapid,10,7,3,5,2,879,s+,43,splatroller,10,9,1,6,3,1179,s+,82,hotblaster,12,10,2,8,2,617,s+,71,bamboo14mk1,8,8,0,6,2,954,s+,75,hotblaster,10,7,3,11,1,591,s+,88,nzap85,9,8,1,10,1,831,s+,66,splatscope,5,3,2,7,3,776,s+,83
2018-02-22T16:00:00+00:00,2.2.2,regular,standard,nawabari,arowana,180,bravo,,prime_collabo,5,5,0,3,2,741,,65,bucketslosher_deco,6,5,1,1,3,958,,100,carbon,5,4,1,3,3,852,,47,carbon,1,1,0,6,1,587,,44,l3reelgun,0,0,0,4,1,937,,62,nzap85,8,7,1,3,3,879,,102,sputtery_hue,2,2,0,4,3,811,,41,52gal_deco,5,4,1,4,1,654,,72
2018-02-22T16:00:00+00:00,2.2.2,gachi,standard,yagura,battera,296,bravo,TRUE,prime,10,5,5,4,3,1013,a-,35,splatroller,8,7,1,13,1,847,a-,32,pablo,11,8,3,11,1,755,a-,36,heroshooter_replica,13,9,4,9,2,974,a,59,carbon,10,10,0,8,5,837,a-,65,sputtery_hue,8,3,5,10,3,1061,a-,46,splatroller,13,13,0,5,4,1124,a,70,hotblaster,13,11,2,6,4,943,a-,66
2018-02-22T16:00:00+00:00,2.2.2,gachi,standard,yagura,battera,306,bravo,FALSE,dualsweeper,8,3,5,6,7,1680,s+,69,carbon,10,7,3,9,4,901,s+,76,splatroller,12,11,1,8,1,1096,s+,41,screwslosher,4,4,0,7,2,936,s+,91,bold,10,8,2,7,4,1167,s+,112,herocharger_replica,7,7,0,6,1,935,s+,87,heroblaster_replica,14,13,1,7,4,1156,s+,99,carbon,3,2,1,5,6,1180,s+,67
2018-02-22T16:00:00+00:00,2.2.2,regular,standard,nawabari,arowana,180,alpha,FALSE,bucketslosher_deco,6,6,0,2,4,1242,,68,maneuver,1,1,0,4,2,665,,35,heroshooter_replica,6,5,1,4,1,582,,65,herospinner_replica,3,2,1,2,2,742,,41,heroslosher_replica,5,4,1,4,2,677,,76,nzap89,3,3,0,4,3,757,,73,sshooter_collabo,0,0,0,4,0,861,,39,hotblaster,5,5,0,2,1,641,,37
2018-02-22T16:00:00+00:00,2.2.2,gachi,standard,yagura,battera,200,bravo,TRUE,sshooter,5,2,3,8,0,648,a,53,splatroller,5,4,1,5,2,829,a+,79,sshooter,5,3,2,7,0,688,a+,97,sputtery_hue,10,8,2,8,1,601,a,68,nzap85,11,7,4,4,3,932,a+,43,heroslosher_replica,5,3,2,5,3,542,a,90,nova,8,5,3,4,3,640,a,65,sputtery,15,13,2,4,4,910,a,42
2018-02-22T16:00:00+00:00,2.2.2,regular,standard,nawabari,tachiuo,180,bravo,,prime_collabo,2,1,1,2,2,854,,65,bold,1,1,0,6,1,911,,71,52gal_deco,7,6,1,5,1,749,,72,carbon,1,0,1,3,2,670,,44,bold,6,6,0,4,3,1073,,102,l3reelgun,3,3,0,2,2,1067,,62,promodeler_rg,1,1,0,2,3,858,,41,hotblaster_custom,4,4,0,1,2,589,,100
2018-02-22T16:00:00+00:00,2.2.2,regular,standard,nawabari,tachiuo,180,alpha,,screwslosher_neo,5,3,2,1,2,610,,70,maneuver,0,0,0,5,2,828,,7,barrelspinner,4,3,1,3,2,649,,76,liter4k_scope,1,1,0,1,2,588,,71,dualsweeper,3,3,0,0,5,990,,55,sputtery_hue,3,3,0,5,2,750,,41,bold,1,1,0,3,2,686,,47,hydra,1,1,0,3,1,361,,74
2018-02-22T16:00:00+00:00,2.2.2,gachi,squad_2,asari,devon,76,bravo,TRUE,dualsweeper,1,0,1,2,0,210,a,91,hokusai_hue,4,4,0,3,0,228,a,49,hokusai_hue,0,0,0,3,0,183,s,48,herocharger_replica,0,0,0,2,0,217,s+,89,sputtery_hue,6,5,1,2,1,339,s+,85,hokusai_hue,3,3,0,0,1,309,s+,114,nzap85,3,2,1,1,0,222,s+,127,carbon,0,0,0,1,1,252,s+,94
2018-02-22T16:00:00+00:00,2.2.2,gachi,squad_2,asari,devon,76,bravo,TRUE,herocharger_replica,0,0,0,2,0,217,s+,89,hokusai_hue,4,4,0,3,0,228,a,49,dualsweeper,1,0,1,2,0,210,a,91,hokusai_hue,0,0,0,3,0,183,s,48,sputtery_hue,6,5,1,2,1,339,s+,85,hokusai_hue,3,3,0,0,1,309,s+,114,nzap85,3,2,1,1,0,222,s+,127,carbon,0,0,0,1,1,252,s+,94
2018-02-22T16:00:00+00:00,2.2.2,gachi,squad_2,asari,devon,300,alpha,FALSE,jetsweeper_custom,7,5,2,8,1,682,s+,95,sshooter,17,11,6,7,1,878,s+,47,screwslosher_neo,7,6,1,7,2,898,b,51,splatroller,10,7,3,9,2,985,s+,82,sputtery_hue,14,13,1,8,3,1109,s+,80,maneuver_collabo,7,5,2,7,1,799,,60,nzap89,6,5,1,7,3,868,c-,55,barrelspinner_deco,12,8,4,7,2,621,s+,76
2018-02-22T16:00:00+00:00,2.2.2,gachi,standard,yagura,mozuku,300,bravo,FALSE,heroshooter_replica,13,9,4,5,3,995,b,63,nzap85,14,8,6,7,3,797,b,123,promodeler_rg,8,6,2,6,6,1330,b+,69,nzap85,13,10,3,10,3,866,b-,27,nzap89,0,0,0,6,5,1122,b-,36,sshooter,23,23,0,8,6,1225,b+,93,nzap85,8,4,4,10,2,734,b+,50,promodeler_mg,2,1,1,9,3,844,b-,48
2018-02-22T16:00:00+00:00,2.2.2,gachi,standard,yagura,mozuku,300,bravo,FALSE,prime,8,4,4,5,4,1038,a-,35,sshooter,7,7,0,10,2,879,a-,57,nzap85,14,11,3,9,2,963,a,50,splatroller,9,7,2,6,2,1182,a,70,carbon,11,8,3,5,5,834,a-,78,nzap85,11,6,5,9,4,1149,a+,98,splatcharger_collabo,3,3,0,7,3,966,a,48,sshooter,15,13,2,8,3,1071,a,61
2018-02-22T16:00:00+00:00,2.2.2,gachi,standard,yagura,battera,231,bravo,TRUE,dualsweeper,4,2,2,4,7,1328,s+,69,nova,7,6,1,8,0,643,s+,62,screwslosher,8,7,1,6,3,734,s+,76,nzap85,6,4,2,10,1,878,s+,74,jetsweeper_custom,7,5,2,2,1,1209,s+,79,carbon,4,4,0,4,4,901,s+,67,heroblaster_replica,9,8,1,9,1,642,s+,99,heroroller_replica,13,11,2,4,5,985,s+,100
2018-02-22T16:00:00+00:00,2.2.2,regular,standard,nawabari,arowana,180,alpha,FALSE,bucketslosher_deco,5,5,0,2,2,822,,68,promodeler_rg,3,1,2,4,3,765,,55,sputtery_hue,8,8,0,4,1,627,,93,sputtery_hue,4,3,1,1,3,785,,36,splatroller_collabo,1,1,0,4,0,396,,71,sshooter,6,4,2,3,2,862,,54,bucketslosher_deco,4,4,0,5,2,970,,95,splatroller_collabo,2,2,0,5,1,433,,65
2018-02-22T16:00:00+00:00,2.2.2,gachi,squad_2,asari,ama,318,bravo,FALSE,herocharger_replica,6,4,2,5,4,971,s+,89,dualsweeper,19,12,7,7,4,830,a,91,wakaba,14,9,5,6,4,1082,s+,36,splatcharger,6,4,2,6,2,691,a,37,bold,15,13,2,8,3,1405,s,70,sputtery_hue,8,7,1,7,3,961,a-,57,pablo,5,2,3,6,1,469,c+,45,momiji,3,2,1,8,2,1046,b+,56
2018-02-22T16:00:00+00:00,2.2.2,gachi,squad_2,asari,ama,318,bravo,FALSE,dualsweeper,19,12,7,7,4,830,a,91,wakaba,14,9,5,6,4,1082,s+,36,herocharger_replica,6,4,2,5,4,971,s+,89,splatcharger,6,4,2,6,2,691,a,37,bold,15,13,2,8,3,1405,s,70,sputtery_hue,8,7,1,7,3,961,a-,57,pablo,5,2,3,6,1,469,c+,45,momiji,3,2,1,8,2,1046,b+,56
2018-02-22T16:00:00+00:00,2.2.2,gachi,standard,yagura,mozuku,309,alpha,FALSE,sshooter,8,7,1,10,1,885,a,53,hotblaster,9,8,1,10,1,768,a-,52,herospinner_replica,7,6,1,5,7,1345,a,62,jetsweeper,14,7,7,5,6,1123,a,75,bold,18,17,1,5,3,1472,a,50,nzap89,7,5,2,6,6,1162,a+,63,splatscope,5,4,1,5,2,799,a-,45,96gal_deco,6,4,2,12,3,642,a,42
2018-02-22T16:00:00+00:00,2.2.2,regular,standard,nawabari,tachiuo,180,bravo,,prime_collabo,1,1,0,3,2,635,,65,l3reelgun,4,4,0,4,2,944,,62,bold,7,6,1,5,2,796,,102,hotblaster,3,2,1,6,1,478,,72,dualsweeper,4,2,2,4,2,755,,55,96gal_deco,5,4,1,5,1,721,,41,herocharger_replica,6,5,1,1,2,671,,100,hissen,8,7,1,4,1,575,,18
2018-02-22T16:00:00+00:00,2.2.2,regular,standard,nawabari,tachiuo,180,alpha,,screwslosher_neo,7,1,6,0,2,618,,70,sputtery_hue,4,4,0,5,1,813,,41,screwslosher_neo,4,3,1,3,2,698,,57,hydra,5,5,0,1,1,609,,53,splatspinner,2,1,1,1,3,736,,71,variableroller,4,4,0,3,1,643,,32,hotblaster,4,2,2,5,0,476,,44,splatspinner,3,0,3,4,1,474,,74
2018-02-22T16:00:00+00:00,2.2.2,gachi,squad_2,asari,devon,300,alpha,FALSE,jetsweeper_custom,15,13,2,7,1,829,s+,95,soytuber_custom,3,2,1,5,1,631,a+,53,splatroller,11,6,5,5,2,1177,s+,82,sshooter,8,8,0,5,1,889,a-,54,hokusai_hue,9,7,2,6,3,781,s,83,nzap85,9,4,5,9,3,1038,s+,73,sputtery_hue,6,5,1,8,3,943,,43,maneuver_collabo,7,6,1,6,1,723,a,82
2018-02-22T16:00:00+00:00,2.2.2,gachi,standard,yagura,battera,310,bravo,FALSE,heroshooter_replica,10,9,1,4,2,818,b,63,nzap85,19,16,3,10,2,916,b-,31,rapid_elite,14,10,4,5,4,1249,b,47,liter4k_scope,6,5,1,5,3,892,b+,66,nzap89,3,1,2,13,1,933,b-,36,promodeler_mg,5,4,1,12,1,643,b+,42,longblaster,9,8,1,5,2,1160,b,70,splatroller,13,11,2,10,4,1002,b,41
2018-02-22T16:00:00+00:00,2.2.2,regular,standard,nawabari,tachiuo,180,alpha,FALSE,bucketslosher_deco,4,3,1,2,3,801,,68,sshooter,1,1,0,4,0,821,,54,sputtery_hue,8,7,1,2,2,642,,93,sputtery_hue,3,1,2,4,1,629,,36,wakaba,2,1,1,4,3,654,,71,bucketslosher_deco,4,4,0,3,3,881,,95,campingshelter,3,3,0,3,1,681,,65,clashblaster,5,3,2,4,2,558,,83
2018-02-22T16:00:00+00:00,2.2.2,gachi,standard,yagura,mozuku,82,alpha,TRUE,dualsweeper,5,2,3,0,3,549,s+,69,bold,3,3,0,2,2,429,s+,111,prime_collabo,6,4,2,1,2,329,s+,78,heroroller_replica,4,2,2,1,1,228,s+,100,prime_collabo,1,1,0,1,0,352,s+,69,carbon,0,0,0,3,0,271,s+,67,screwslosher,3,3,0,3,1,370,s+,76,wakaba,0,0,0,4,0,325,s+,101
2018-02-22T16:00:00+00:00,2.2.2,regular,standard,nawabari,tachiuo,180,alpha,,momiji,3,0,3,2,3,852,,65,nzap85,11,9,2,3,2,824,,102,wakaba,7,5,2,1,3,736,,58,dualsweeper,4,1,3,1,3,713,,55,l3reelgun,4,3,1,4,3,954,,62,carbon,3,2,1,2,2,629,,100,wakaba,1,1,0,5,1,549,,72,hissen,1,1,0,4,2,498,,18
2018-02-22T16:00:00+00:00,2.2.2,gachi,standard,yagura,battera,300,alpha,FALSE,prime,14,9,5,3,4,1011,a-,35,bold,12,12,0,10,4,1323,a-,66,nzap85,9,5,4,4,4,1102,a-,69,sputtery_hue,6,2,4,6,2,856,a-,57,wakaba,9,7,2,8,4,1169,a-,41,carbon,8,7,1,6,3,737,a-,65,liter4k_scope,0,0,0,7,4,974,a-,56,sshooter,11,9,2,7,4,1290,a-,91
2018-02-22T16:00:00+00:00,2.2.2,regular,standard,nawabari,arowana,180,bravo,,screwslosher_neo,4,4,0,3,2,706,,70,splatspinner,4,3,1,2,3,905,,71,bold,2,1,1,3,2,740,,37,wakaba,2,1,1,6,0,579,,2,sputtery_hue,6,2,4,3,4,1069,,41,sshooter_collabo,6,6,0,1,2,817,,57,wakaba,1,0,1,4,3,720,,39,splatspinner,6,6,0,1,2,694,,74
2018-02-22T16:00:00+00:00,2.2.2,gachi,standard,yagura,battera,300,bravo,FALSE,dualsweeper,5,3,2,8,7,1557,s+,70,screwslosher,4,3,1,8,2,971,s+,63,screwslosher_neo,8,3,5,8,2,607,s+,79,hotblaster,7,7,0,10,4,1040,s+,85,bottlegeyser,13,8,5,2,4,1011,s+,87,hotblaster,15,11,4,6,2,859,s+,108,screwslosher,10,9,1,5,2,1101,s+,81,screwslosher,12,6,6,3,5,1163,s+,105
2018-02-22T16:00:00+00:00,2.2.2,gachi,squad_2,asari,ama,315,bravo,FALSE,hotblaster,8,5,3,11,0,511,s+,89,dualsweeper,11,5,6,8,3,817,a,91,splatcharger_collabo,7,7,0,7,1,962,c,40,splatcharger,4,3,1,9,1,592,a+,79,hokusai,18,16,2,7,0,860,a,63,sshooter,17,15,2,5,4,1602,a,61,hokusai,5,4,1,8,1,559,b-,27,rapid_deco,0,0,0,0,0,0,b,34
2018-02-22T16:00:00+00:00,2.2.2,gachi,squad_2,asari,ama,315,bravo,FALSE,dualsweeper,11,5,6,8,3,817,a,91,hotblaster,8,5,3,11,0,511,s+,89,splatcharger_collabo,7,7,0,7,1,962,c,40,splatcharger,4,3,1,9,1,592,a+,79,hokusai,18,16,2,7,0,860,a,63,sshooter,17,15,2,5,4,1602,a,61,hokusai,5,4,1,8,1,559,b-,27,rapid_deco,0,0,0,0,0,0,b,34
2018-02-22T16:00:00+00:00,2.2.2,regular,standard,nawabari,tachiuo,180,bravo,FALSE,bucketslosher_deco,3,2,1,3,3,982,,69,barrelspinner,4,4,0,4,1,647,,95,campingshelter,4,4,0,4,1,576,,65,sputtery_hue,3,1,2,7,1,530,,36,wakaba,7,5,2,2,3,806,,71,sshooter,8,6,2,2,3,1002,,54,sputtery_hue,9,6,3,3,1,674,,93,clashblaster,3,1,2,4,2,535,,83
2018-02-22T16:00:00+00:00,2.2.2,regular,standard,nawabari,arowana,180,alpha,,momiji,2,1,1,0,2,625,,65,l3reelgun,4,3,1,2,3,948,,62,nzap85,7,7,0,2,3,884,,102,wakaba,2,1,1,0,3,705,,58,dualsweeper,1,1,0,3,3,931,,55,kelvin525,3,2,1,4,3,817,,100,splatcharger,1,1,0,5,0,553,,72,,,,,,,,,
2018-02-22T16:00:00+00:00,2.2.2,gachi,standard,yagura,battera,109,alpha,TRUE,heroshooter_replica,7,5,2,0,1,264,b,63,heroroller_replica,6,5,1,3,1,415,b-,28,sshooter,4,3,1,0,2,559,b-,32,herobrush_replica,5,5,0,2,0,376,b-,41,nzap85,0,0,0,4,0,354,b+,52,momiji,1,1,0,5,0,385,b+,78,hokusai_hue,3,3,0,4,1,443,b-,44,nzap85,2,1,1,5,1,365,b-,71
2018-02-22T16:00:00+00:00,2.2.2,regular,standard,nawabari,arowana,180,bravo,,screwslosher_neo,8,5,3,2,2,584,,70,wakaba,1,1,0,5,1,833,,2,splatspinner,5,4,1,3,2,804,,74,splatspinner,3,1,2,4,3,714,,72,longblaster,6,6,0,0,3,951,,57,sputtery_hue,3,2,1,5,2,827,,41,bold,1,1,0,2,1,783,,37,wakaba,5,4,1,4,1,601,,39
2018-02-22T16:00:00+00:00,2.2.2,gachi,squad_2,asari,devon,135,bravo,TRUE,jetsweeper_custom,4,2,2,5,1,330,s+,95,splatroller,6,5,1,2,1,490,s+,82,hotblaster,4,3,1,5,1,447,s+,115,sharp,3,2,1,4,0,465,s,75,maneuver_collabo,4,1,3,4,0,391,s+,54,52gal,4,3,1,5,0,250,s+,89,bucketslosher_deco,4,4,0,2,1,461,a,106,maneuver_collabo,8,8,0,1,2,711,s+,112
2018-02-22T16:00:00+00:00,2.2.2,gachi,standard,yagura,mozuku,276,bravo,TRUE,prime,10,5,5,7,3,843,a-,35,nova,8,4,4,6,3,912,a+,81,nzap85,9,7,2,8,1,838,a+,60,nzap85,6,5,1,4,4,1237,a+,43,jetsweeper,6,3,3,5,4,1014,a-,46,sshooter,8,8,0,5,1,1156,a-,16,nzap85,13,9,4,4,3,1002,a-,41,splatspinner,5,5,0,7,6,1029,a,51
2018-02-22T16:00:00+00:00,2.2.2,regular,standard,nawabari,arowana,180,bravo,FALSE,bucketslosher_deco,2,1,1,5,1,804,,69,wakaba,5,3,2,2,3,924,,71,campingshelter,0,0,0,6,1,320,,65,clashblaster,5,4,1,4,1,524,,83,barrelspinner,2,1,1,0,3,723,,95,sputtery_hue,7,5,2,4,2,735,,93,sputtery_hue,4,2,2,2,2,595,,36,maneuver_collabo,6,6,0,2,2,821,,39
2018-02-22T16:00:00+00:00,2.2.2,gachi,standard,yagura,battera,304,bravo,FALSE,dualsweeper,7,0,7,5,7,1528,s+,70,hotblaster,21,20,1,6,3,1192,s+,65,sputtery_hue,10,8,2,8,1,863,s+,72,heroroller_replica,7,6,1,8,2,1023,s+,100,sshooter,4,4,0,11,1,930,s+,86,h3reelgun,11,6,5,6,4,1046,s+,68,bold,11,8,3,6,6,1586,s+,111,hotblaster,9,9,0,11,4,1033,s+,107
2018-02-22T16:00:00+00:00,2.2.2,regular,standard,nawabari,arowana,180,bravo,,momiji,2,2,0,2,3,925,,65,soytuber_custom,3,3,0,2,1,668,,31,splatcharger,1,1,0,2,2,584,,72,rapid_elite,2,2,0,4,1,512,,34,nzap85,5,5,0,3,2,791,,102,dualsweeper,1,1,0,2,3,783,,55,campingshelter,4,4,0,2,2,729,,62,wakaba,4,0,4,1,3,700,,58
2018-02-22T16:00:00+00:00,2.2.2,gachi,squad_2,asari,devon,302,alpha,FALSE,jetsweeper_custom,7,4,3,8,3,722,s+,95,splatcharger,5,5,0,4,2,604,a+,88,sputtery,13,12,1,12,0,910,,78,splatroller,14,13,1,5,2,1124,s+,82,sshooter,10,7,3,8,0,796,s+,60,hotblaster,8,3,5,13,2,813,s+,115,sharp,7,5,2,6,2,842,s,75,splatroller,16,13,3,7,2,980,s+,89
2018-02-22T16:00:00+00:00,2.2.2,gachi,standard,yagura,battera,300,alpha,FALSE,heroshooter_replica,11,9,2,5,2,880,b,63,sputtery_hue,14,9,5,10,4,1248,b+,54,sshooter,10,7,3,7,4,1044,b-,37,carbon,9,8,1,8,3,781,b-,43,sshooter,3,3,0,10,2,717,b-,36,herobrush_replica,15,12,3,9,0,999,b-,41,splatroller,8,8,0,9,4,862,b,78,sputtery_hue,10,7,3,7,5,1492,b+,57
2018-02-22T16:00:00+00:00,2.2.2,regular,standard,nawabari,tachiuo,180,alpha,,screwslosher_neo,5,2,3,3,1,519,,70,carbon,3,3,0,2,3,823,,31,sputtery_hue,5,4,1,2,3,819,,38,prime_collabo,5,4,1,2,2,780,,71,wakaba,5,5,0,7,2,913,,55,dualsweeper,2,1,1,3,3,896,,34,bucketslosher_deco,2,1,1,2,1,633,,84,squiclean_a,3,2,1,3,0,382,,29
2018-02-22T16:00:00+00:00,2.2.2,gachi,standard,yagura,mozuku,300,bravo,FALSE,sshooter,8,8,0,11,2,1021,a,53,screwslosher_neo,5,2,3,5,5,1084,a-,33,splatcharger,8,8,0,3,4,1112,a,67,splatroller,9,8,1,10,2,746,a-,40,pablo_hue,10,9,1,6,6,1102,a+,77,screwslosher_neo,14,7,7,10,3,1047,a-,68,splatscope,10,6,4,3,4,1018,a+,127,nzap85,12,7,5,7,3,988,a-,39
2018-02-22T16:00:00+00:00,2.2.2,regular,standard,nawabari,arowana,180,bravo,FALSE,bucketslosher_deco,7,6,1,3,3,966,,69,barrelspinner,2,2,0,5,2,579,,95,hokusai_hue,2,2,0,2,3,727,,65,clashblaster,5,3,2,6,1,448,,83,wakaba,2,2,0,4,2,744,,71,sputtery_hue,8,7,1,2,3,889,,93,sshooter,3,3,0,2,0,681,,36,sshooter,3,3,0,5,0,753,,62
2018-02-22T16:00:00+00:00,2.2.2,regular,standard,nawabari,arowana,180,bravo,,momiji,5,3,2,3,3,1063,,65,hokusai,3,3,0,2,2,702,,46,prime,0,0,0,3,2,655,,34,splatroller,5,4,1,5,0,441,,72,nzap85,5,5,0,4,2,863,,102,soytuber_custom,5,4,1,1,3,781,,31,wakaba,7,3,4,2,3,772,,58,campingshelter,2,0,2,3,2,661,,62
2018-02-22T16:00:00+00:00,2.2.2,gachi,standard,yagura,mozuku,257,bravo,TRUE,prime_collabo,7,7,0,6,2,877,a-,35,momiji,11,8,3,8,2,1076,a,86,sshooter,8,6,2,9,1,713,a,38,maneuver_collabo,8,6,2,7,0,528,a,73,nzap85,12,8,4,7,3,849,a+,73,nzap89,10,8,2,7,4,901,a,75,sputtery_hue,6,4,2,7,5,934,a-,52,splatroller,12,10,2,6,5,885,a-,48
2018-02-22T16:00:00+00:00,2.2.2,gachi,standard,yagura,mozuku,330,bravo,FALSE,dualsweeper,7,4,3,1,11,1660,s+,70,nzap85,10,8,2,14,3,1280,s+,113,hotblaster,9,7,2,11,3,895,s+,121,bucketslosher_deco,7,5,2,14,2,886,s+,74,hotblaster,19,12,7,11,3,832,s+,110,rapid_deco,19,12,7,4,1,1084,s+,67,52gal_deco,14,6,8,2,6,1477,s+,101,bucketslosher_deco,12,10,2,7,3,1483,s+,68
2018-02-22T16:00:00+00:00,2.2.2,gachi,standard,yagura,battera,313,bravo,FALSE,heroshooter_replica,9,7,2,9,1,896,b,63,bold,5,4,1,12,0,964,b-,31,heroslosher_replica,13,12,1,10,3,1094,b+,87,nzap89,6,5,1,13,1,860,b-,34,nzap89,9,8,1,7,3,1030,b-,52,heroshooter_replica,14,10,4,6,3,987,b+,58,52gal_deco,17,13,4,5,3,1089,b-,62,splatroller,14,13,1,10,1,691,b+,51
2018-02-22T16:00:00+00:00,2.2.2,regular,standard,nawabari,arowana,180,alpha,,momiji,5,3,2,2,3,944,,65,soytuber_custom,2,1,1,1,2,734,,31,sputtery_hue,8,6,2,1,3,704,,59,splatroller,4,3,1,4,1,447,,72,nzap85,3,3,0,3,2,835,,102,hokusai,3,2,1,2,3,717,,46,campingshelter,3,1,2,4,2,711,,62,nzap85,2,2,0,5,1,477,,34
2018-02-22T16:00:00+00:00,2.2.2,regular,standard,nawabari,tachiuo,180,alpha,FALSE,bucketslosher_deco,5,4,1,2,2,791,,69,rapid,7,7,0,4,3,847,,75,52gal,6,5,1,4,0,540,,63,parashelter,2,0,2,2,2,657,,62,barrelspinner,4,4,0,4,3,735,,48,maneuver_collabo,1,1,0,5,1,553,,60,sputtery,3,3,0,5,1,627,,26,96gal_deco,6,4,2,3,2,845,,70
2018-02-22T16:00:00+00:00,2.2.2,gachi,standard,yagura,battera,148,bravo,TRUE,prime,3,3,0,4,1,459,b+,35,barrelspinner_deco,4,4,0,6,0,440,b+,37,splatroller,2,0,2,5,1,501,b+,47,splatroller,2,2,0,6,1,495,b-,14,splatroller,11,11,0,2,2,691,b+,52,clashblaster,8,5,3,4,2,478,b+,36,squiclean_a,2,0,2,2,3,423,b+,49,splatcharger,5,4,1,1,1,402,b,22
2018-02-22T16:00:00+00:00,2.2.2,gachi,standard,yagura,mozuku,143,bravo,TRUE,jetsweeper_custom,3,2,1,4,0,454,s,73,hotblaster_custom,5,5,0,4,2,424,s,79,splatroller,3,3,0,5,0,319,s,46,parashelter,5,2,3,4,2,582,s,100,wakaba,5,3,2,2,3,650,s,75,splatroller,1,1,0,4,1,386,s,72,hotblaster,13,10,3,3,2,576,s,55,nzap85,8,3,5,3,3,677,s,75
2018-02-22T16:00:00+00:00,2.2.2,gachi,standard,yagura,battera,303,bravo,FALSE,dualsweeper,2,2,0,7,7,1350,s+,70,nzap85,8,5,3,8,5,1202,s+,74,sharp,5,4,1,7,6,1305,s+,58,heroblaster_replica,13,12,1,12,3,947,s+,72,splatcharger,6,6,0,5,3,1125,s+,60,hotblaster,13,10,3,9,3,995,s+,121,52gal_deco,11,8,3,4,3,1209,s+,101,nzap85,17,10,7,5,6,1622,s+,73
2018-02-22T16:00:00+00:00,2.2.2,gachi,squad_2,asari,devon,320,bravo,FALSE,jetsweeper_custom,14,11,3,7,2,740,s+,95,splatroller,15,12,3,9,3,1168,s+,82,sputtery_hue,7,6,1,11,1,855,s,65,momiji,2,2,0,9,5,1386,a,67,hotblaster,5,5,0,11,1,599,b,45,splatroller,15,12,3,8,3,864,s+,57,maneuver_collabo,14,12,2,7,2,1311,b,110,splatspinner,12,7,5,5,4,1118,a,101
2018-02-22T16:00:00+00:00,2.2.2,regular,standard,nawabari,tachiuo,180,bravo,,momiji,2,1,1,5,2,797,,65,sputtery_hue,4,3,1,3,2,735,,59,campingshelter,3,3,0,4,1,608,,62,hokusai,4,3,1,6,1,482,,46,nzap85,8,6,2,3,2,846,,72,soytuber_custom,4,2,2,3,1,643,,31,nzap89,2,2,0,3,1,614,,56,hotblaster,8,7,1,3,2,613,,102
2018-02-22T16:00:00+00:00,2.2.2,gachi,standard,yagura,mozuku,300,alpha,FALSE,prime,12,9,3,4,4,912,b+,35,barrelspinner_deco,6,6,0,7,1,959,b+,37,nzap89,8,7,1,4,5,1059,b+,46,sputtery_hue,6,5,1,5,6,1491,b+,55,sputtery_hue,6,5,1,7,4,1115,b+,77,maneuver_collabo,10,7,3,8,3,931,b,46,jetsweeper,6,5,1,4,6,1320,b+,70,screwslosher_neo,6,3,3,8,3,854,b-,31
2018-02-22T16:00:00+00:00,2.2.2,gachi,standard,yagura,mozuku,301,alpha,FALSE,jetsweeper_custom,6,3,3,3,5,1125,s,73,nova,10,9,1,10,2,865,s,68,parashelter,7,5,2,9,4,1060,s,100,hokusai_hue,10,9,1,8,2,883,s,68,splatroller,10,7,3,7,2,898,s,85,dynamo_tesla,16,11,5,5,5,878,s,67,hotblaster,8,6,2,7,5,946,s,55,wakaba,12,6,6,7,6,1253,s,75
2018-02-22T16:00:00+00:00,2.2.2,gachi,standard,yagura,mozuku,189,bravo,TRUE,heroshooter_replica,8,8,0,5,1,624,b-,63,heromaneuver_replica,3,0,3,7,1,336,b-,62,bold,5,5,0,5,2,828,b-,46,splatcharger,5,5,0,6,0,405,b+,42,sshooter,8,7,1,5,0,567,b,73,splatroller,9,7,2,5,2,503,b-,69,barrelspinner,5,5,0,3,1,591,b-,57,bold,6,4,2,5,2,703,b+,52
2018-02-22T16:00:00+00:00,2.2.2,regular,standard,nawabari,arowana,180,bravo,FALSE,bucketslosher_deco,3,3,0,3,2,731,,69,52gal_deco,4,3,1,2,2,782,,59,herocharger_replica,5,3,2,4,1,525,,85,hissen,7,5,2,3,3,974,,142,soytuber_custom,1,1,0,3,1,673,,78,l3reelgun,5,5,0,3,3,843,,74,bold,2,2,0,5,2,762,,44,promodeler_rg,5,4,1,3,3,855,,55
2018-02-22T16:00:00+00:00,2.2.2,regular,standard,nawabari,tachiuo,180,bravo,,momiji,2,2,0,4,2,877,,65,campingshelter,3,3,0,3,1,687,,62,soytuber_custom,2,2,0,2,2,605,,31,nzap89,1,1,0,3,2,566,,56,momiji,6,5,1,2,4,1081,,102,sputtery_hue,3,2,1,3,2,697,,59,dynamo,2,2,0,1,2,578,,72,hokusai,3,3,0,2,2,525,,46
2018-02-22T16:00:00+00:00,2.2.2,gachi,standard,yagura,battera,311,bravo,FALSE,dualsweeper,10,5,5,10,5,1369,s+,70,bold,9,7,2,10,4,1376,s+,111,52gal_deco,2,0,2,8,3,1082,s+,101,52gal_deco,10,9,1,8,2,1204,s+,91,sshooter,21,21,0,5,7,1745,s+,135,barrelspinner,8,5,3,6,4,1072,s+,70,splatcharger,6,5,1,5,3,1058,s+,76,wakaba,11,5,6,5,6,1297,s+,87
2018-02-22T16:00:00+00:00,2.2.2,gachi,squad_2,asari,devon,215,bravo,TRUE,jetsweeper_custom,6,4,2,6,2,533,s+,95,herobrush_replica,5,4,1,4,0,499,b,56,bucketslosher,1,1,0,7,1,520,s,70,splatroller,9,8,1,4,3,1112,s+,82,herocharger_replica,5,5,0,4,1,547,a-,57,wakaba,8,8,0,5,2,800,,91,wakaba,6,1,5,4,3,640,s,77,prime_collabo,9,7,2,4,1,540,s+,73
2018-02-22T16:00:00+00:00,2.2.2,gachi,standard,yagura,mozuku,300,bravo,FALSE,heroshooter_replica,6,6,0,8,2,683,b-,63,sshooter,8,6,2,11,2,689,b,45,soytuber_custom,6,5,1,10,1,728,b,47,clashblaster,20,13,7,7,4,861,b,61,bold,11,10,1,7,4,1496,b-,32,maneuver_collabo,13,11,2,9,1,681,b-,28,nzap89,8,8,0,8,3,790,b,63,splatroller,8,7,1,6,0,514,b-,28
2018-02-22T16:00:00+00:00,2.2.2,regular,standard,nawabari,tachiuo,180,alpha,FALSE,bucketslosher_deco,10,9,1,2,3,983,,69,soytuber_custom,2,2,0,0,2,666,,78,promodeler_rg,6,4,2,3,2,1015,,55,sshooter,4,3,1,2,1,633,,96,l3reelgun,4,3,1,2,2,863,,74,bold,1,1,0,4,2,830,,44,parashelter,1,1,0,6,1,706,,40,bold,2,2,0,6,2,797,,62
2018-02-22T16:00:00+00:00,2.2.2,gachi,standard,yagura,mozuku,168,alpha,TRUE,prime,11,10,1,2,3,795,b+,35,sputtery_hue,2,1,1,5,2,391,b-,29,nzap89,6,5,1,4,2,696,b-,27,splatroller,2,1,1,4,1,466,b-,14,dualsweeper,4,2,2,2,4,950,b-,29,sputtery_hue,6,6,0,5,1,446,b-,31,sharp,4,4,0,4,0,381,b+,38,maneuver_collabo,3,3,0,6,2,494,b,24
2018-02-22T16:00:00+00:00,2.2.2,regular,standard,nawabari,tachiuo,180,alpha,,dualsweeper,3,2,1,2,2,668,,65,sputtery_hue,4,2,2,2,2,771,,59,jetsweeper_custom,3,3,0,1,3,749,,72,nzap89,5,5,0,4,1,718,,56,momiji,1,1,0,4,2,806,,102,soytuber_custom,4,3,1,2,2,671,,31,hokusai,1,1,0,3,2,671,,46,campingshelter,3,3,0,4,1,626,,62
2018-02-22T16:00:00+00:00,2.2.2,gachi,standard,yagura,mozuku,309,alpha,FALSE,jetsweeper_custom,11,7,4,5,1,1064,s,73,carbon,16,15,1,6,4,948,s,62,heromaneuver_replica,12,5,7,8,3,729,s,46,nzap85,12,8,4,9,4,1211,s,47,bucketslosher,8,7,1,7,4,1016,s,153,clashblaster,6,3,3,9,3,796,s,54,bold,10,9,1,9,4,1476,s,51,nzap85,15,9,6,10,2,1047,s,64
2018-02-22T16:00:00+00:00,2.2.2,gachi,squad_2,asari,devon,313,alpha,FALSE,jetsweeper_custom,12,9,3,9,1,699,s+,95,momiji,6,4,2,6,4,1265,,17,hokusai,10,10,0,8,0,508,,31,splatroller,12,9,3,5,3,1183,s+,82,hokusai,11,9,2,7,3,813,a,68,pablo_hue,6,5,1,7,1,647,b+,61,sshooter,14,14,0,8,2,937,c-,41,nzap85,1,0,1,10,2,1105,c-,41
2018-02-22T16:00:00+00:00,2.2.2,regular,standard,nawabari,arowana,180,bravo,FALSE,bucketslosher_deco,2,2,0,3,3,1057,,69,soytuber_custom,2,2,0,1,2,644,,78,bold,3,2,1,4,3,1135,,44,hokusai,1,1,0,6,1,748,,55,l3reelgun,2,1,1,1,1,962,,74,promodeler_rg,2,2,0,1,2,1135,,55,sshooter,9,9,0,2,2,745,,96,promodeler_rg,2,2,0,3,2,992,,102
2018-02-22T16:00:00+00:00,2.2.2,gachi,standard,yagura,mozuku,202,alpha,TRUE,prime,11,8,3,1,5,735,b+,35,sharp,11,10,1,2,4,653,b+,38,splatroller,3,3,0,3,3,456,b-,23,hissen,11,6,5,2,4,615,b,26,splatscope_collabo,0,0,0,5,2,559,b,26,jetsweeper_custom,6,6,0,5,2,600,b+,33,sputtery,2,2,0,9,1,603,b+,41,bucketslosher,0,0,0,8,1,634,b-,41
2018-02-22T16:00:00+00:00,2.2.2,gachi,standard,yagura,mozuku,337,bravo,FALSE,dualsweeper,4,3,1,7,7,1294,s+,70,screwslosher,6,4,2,5,2,1000,s+,85,bold,12,10,2,8,5,1423,s+,111,52gal_deco,12,12,0,9,2,1149,s+,91,sshooter_collabo,11,9,2,9,1,951,s+,28,52gal_deco,10,6,4,6,4,1509,s+,101,herocharger_replica,10,10,0,5,4,1294,s+,80,hotblaster,8,4,4,9,4,777,s+,68
2018-02-22T16:00:00+00:00,2.2.2,regular,standard,nawabari,arowana,180,alpha,,dualsweeper,4,2,2,1,3,725,,65,nzap85,9,8,1,2,3,922,,102,nzap85,9,5,4,3,2,754,,45,soytuber_custom,0,0,0,1,3,739,,31,prime_collabo,3,2,1,3,2,801,,72,sputtery_hue,4,3,1,3,2,764,,59,momiji,1,0,1,5,2,756,,23,campingshelter,1,1,0,4,2,588,,62
2018-02-22T16:00:00+00:00,2.2.2,gachi,standard,yagura,battera,300,alpha,FALSE,heroshooter_replica,8,7,1,6,1,760,b-,63,prime_collabo,7,5,2,10,1,748,b,52,splatroller,14,13,1,8,0,775,b-,28,sshooter,11,8,3,11,2,837,b-,41,squiclean_a,15,15,0,7,1,688,b-,40,nzap89,10,10,0,9,3,1089,b-,48,maneuver,8,7,1,9,3,912,b,53,liter4k_scope,3,3,0,8,1,516,b-,34
2018-02-22T16:00:00+00:00,2.2.2,gachi,standard,yagura,mozuku,300,bravo,FALSE,jetsweeper_custom,8,6,2,4,4,1119,s,73,sshooter,9,6,3,13,0,606,s,51,nzap89,5,3,2,6,3,1057,s,85,nzap85,12,9,3,10,3,1203,s,81,rapid,7,5,2,7,5,1148,s,76,hotblaster,17,12,5,7,3,742,s,81,nzap85,16,7,9,5,7,1181,s,75,nzap89,14,9,5,5,6,1099,s,64
2018-02-22T16:00:00+00:00,2.2.2,regular,standard,nawabari,arowana,180,bravo,FALSE,bucketslosher_deco,4,4,0,1,3,932,,69,sshooter,8,5,3,3,2,759,,96,sshooter,5,5,0,3,1,660,,67,sshooter_collabo,3,2,1,4,1,697,,106,soytuber_custom,4,3,1,2,2,627,,78,bold,3,3,0,6,1,771,,44,hokusai,4,4,0,4,1,656,,55,promodeler_rg,1,1,0,4,3,982,,102
2018-02-22T16:00:00+00:00,2.2.2,gachi,standard,yagura,battera,172,alpha,TRUE,prime,10,6,4,2,3,614,b+,35,screwslosher_neo,8,3,5,2,2,472,b+,34,dualsweeper,9,7,2,1,5,821,b-,18,nzap89,4,1,3,4,2,536,b+,25,sputtery,4,4,0,3,3,1340,b+,38,nzap85,4,3,1,6,2,588,b+,68,splatcharger,1,1,0,2,2,377,b,26,maneuver,1,1,0,6,1,442,b+,59
2018-02-22T16:00:00+00:00,2.2.2,regular,standard,nawabari,tachiuo,180,bravo,,dualsweeper,5,4,1,4,2,714,,65,sshooter,6,4,2,3,1,670,,59,h3reelgun,3,2,1,4,2,630,,31,soytuber_custom,2,2,0,4,0,539,,31,campingshelter,6,6,0,2,2,775,,62,sharp,2,2,0,4,2,761,,72,nzap85,4,4,0,4,1,661,,102,splatscope,1,0,1,2,2,607,,15
2018-02-22T16:00:00+00:00,2.2.2,gachi,squad_2,asari,ama,291,alpha,TRUE,jetsweeper_custom,10,6,4,6,2,784,s+,95,heromaneuver_replica,4,3,1,5,4,1064,a+,75,herobrush_replica,11,8,3,6,0,762,s+,111,splatroller,12,10,2,5,2,951,s+,82,pablo_hue,10,7,3,7,2,727,b+,61,hokusai,8,8,0,7,2,726,a,68,bold,4,3,1,8,0,719,b-,51,prime_collabo,6,4,2,5,3,1037,s,70
2018-02-22T16:00:00+00:00,2.2.2,gachi,standard,yagura,mozuku,304,alpha,FALSE,prime,18,14,4,5,4,1249,b+,36,nzap89,10,8,2,7,5,1213,b+,52,momiji,0,0,0,1,0,0,b+,54,clashblaster,14,9,5,7,3,779,b+,36,sputtery,2,2,0,9,4,1028,b-,26,wakaba,9,8,1,7,4,926,b+,39,splatroller,3,1,2,6,2,615,b-,29,bold,10,9,1,9,2,985,b+,48
2018-02-22T16:00:00+00:00,2.2.2,regular,standard,nawabari,tachiuo,180,alpha,FALSE,bucketslosher_deco,4,3,1,2,2,781,,69,splatroller,3,3,0,1,3,861,,55,splatscope,3,3,0,2,2,666,,38,nzap85,2,0,2,1,3,713,,77,soytuber_custom,3,3,0,2,2,742,,78,h3reelgun,4,2,2,2,3,713,,96,sshooter,1,1,0,3,1,664,,67,nzap89,0,0,0,3,1,529,,77
2018-02-22T16:00:00+00:00,2.2.2,regular,standard,nawabari,arowana,180,bravo,,dualsweeper,5,4,1,5,1,662,,65,kelvin525,2,2,0,3,3,752,,35,soytuber_custom,1,1,0,3,2,597,,31,clashblaster,3,3,0,4,1,511,,72,bold,5,5,0,1,2,889,,23,campingshelter,4,4,0,3,3,777,,62,sshooter,5,5,0,2,2,685,,59,campingshelter,3,1,2,4,1,460,,102
2018-02-22T16:00:00+00:00,2.2.2,gachi,standard,yagura,battera,300,bravo,FALSE,heroshooter_replica,7,6,1,10,1,786,b-,63,maneuver,2,1,1,11,3,1043,b-,33,hokusai_hue,13,12,1,10,1,1125,b-,34,bold,5,5,0,11,0,970,b-,31,sputtery,9,7,2,8,4,977,b-,65,nzap85,24,18,6,5,6,1331,b+,72,maneuver,14,13,1,5,3,962,b,46,nzap89,9,4,5,6,4,957,b-,67
2018-02-22T16:00:00+00:00,2.2.2,gachi,squad_2,asari,ama,296,bravo,TRUE,jetsweeper_custom,11,8,3,10,2,750,s+,95,splatroller,8,6,2,9,2,994,s+,82,prime,17,9,8,7,4,1128,a+,27,sshooter_collabo,9,5,4,9,1,1144,s,67,hokusai_hue,9,5,4,8,1,806,b+,67,bold,10,8,2,8,2,1063,s,81,nova,20,15,5,6,2,1122,c-,52,herocharger_replica,9,7,2,6,3,1077,b+,66
2018-02-22T16:00:00+00:00,2.2.2,regular,standard,nawabari,arowana,180,alpha,,52gal_deco,6,5,1,2,1,577,,65,dualsweeper,6,5,1,1,3,819,,71,bucketslosher,8,7,1,2,3,717,,35,campingshelter,7,4,3,3,1,575,,62,sshooter,2,2,0,5,2,649,,59,soytuber_custom,1,1,0,4,1,595,,31,campingshelter,3,3,0,5,1,588,,102,longblaster,3,2,1,7,0,481,,72
2018-02-22T16:00:00+00:00,2.2.2,regular,standard,nawabari,arowana,180,bravo,FALSE,bucketslosher_deco,3,3,0,5,1,752,,69,sputtery_hue,1,1,0,7,0,518,,41,longblaster,5,5,0,4,0,530,,76,sputtery_hue,1,1,0,4,2,566,,76,soytuber_custom,6,6,0,5,1,519,,78,sshooter,3,3,0,3,1,689,,67,splatscope,4,3,1,1,2,584,,38,herospinner_replica,10,8,2,1,3,818,,79
2018-02-22T16:00:00+00:00,2.2.2,gachi,standard,yagura,battera,300,bravo,FALSE,prime,5,4,1,5,4,1298,b+,36,nzap89,2,1,1,13,0,679,b-,37,clashblaster,5,3,2,10,2,921,b+,36,screwslosher_neo,6,5,1,7,3,855,b+,34,nzap89,11,5,6,4,4,807,b-,35,maneuver,14,12,2,2,6,832,b,62,bamboo14mk1,11,8,3,2,6,1036,b+,62,sputtery_hue,12,10,2,5,7,1593,b+,38
2018-02-22T16:00:00+00:00,2.2.2,gachi,standard,yagura,mozuku,300,alpha,FALSE,heroshooter_replica,8,7,1,7,1,790,b-,63,rapid_deco,12,7,5,8,0,1079,b-,31,sshooter,12,7,5,8,2,968,b,40,sputtery_hue,18,15,3,10,4,1108,b,50,nzap85,11,9,2,10,4,984,b,102,prime,16,16,0,9,4,1174,b-,58,sputtery_hue,4,2,2,12,2,668,b-,34,bold,7,6,1,5,2,1024,b,43
2018-02-22T16:00:00+00:00,2.2.2,regular,standard,nawabari,tachiuo,180,alpha,FALSE,jetsweeper_custom,5,4,1,1,1,534,,73,sshooter,4,3,1,2,2,897,,50,nzap85,2,2,0,3,2,719,,52,spygadget,2,1,1,1,1,491,,67,kelvin525,2,2,0,3,2,722,,93,longblaster,2,2,0,4,0,519,,74,soytuber,0,0,0,2,1,610,,85,jetsweeper_custom,4,3,1,2,3,695,,68
2018-02-22T16:00:00+00:00,2.2.2,regular,standard,nawabari,arowana,180,bravo,,52gal_deco,6,4,2,3,2,711,,65,sshooter,3,2,1,2,2,758,,59,campingshelter,4,4,0,3,1,755,,62,parashelter,6,5,1,5,1,625,,102,bold,5,5,0,7,1,785,,72,dualsweeper,6,6,0,3,2,741,,71,momiji,2,2,0,3,2,724,,24,bucketslosher,0,0,0,3,3,691,,35
2018-02-22T16:00:00+00:00,2.2.2,regular,standard,nawabari,arowana,180,alpha,FALSE,bucketslosher_deco,4,4,0,4,2,869,,69,herospinner_replica,5,5,0,0,4,862,,79,bold,2,2,0,6,2,790,,62,wakaba,2,2,0,4,2,978,,113,soytuber_custom,5,5,0,4,1,770,,78,sshooter,5,4,1,2,2,887,,67,splatscope,3,3,0,3,2,710,,38,sputtery_hue,4,2,2,4,1,679,,41
2018-02-22T16:00:00+00:00,2.2.2,regular,standard,nawabari,arowana,180,alpha,FALSE,jetsweeper_custom,3,2,1,3,1,603,,73,kelvin525,7,6,1,3,1,655,,93,pablo,3,3,0,3,3,811,,52,splatspinner,1,0,1,2,2,716,,67,hotblaster,3,2,1,2,1,585,,74,sshooter,4,3,1,2,2,747,,51,soytuber,2,2,0,4,1,713,,85,jetsweeper_custom,5,4,1,3,2,687,,68
2018-02-22T16:00:00+00:00,2.2.2,gachi,standard,yagura,battera,301,alpha,FALSE,prime,4,3,1,5,4,1118,b+,36,wakaba,11,7,4,8,7,1499,b+,71,splatroller,12,12,0,11,3,720,b+,64,nzap85,15,10,5,2,4,1094,b-,14,nzap89,10,4,6,6,6,1072,b+,25,wakaba,17,11,6,8,5,965,b,38,nzap85,12,10,2,9,5,1508,b+,15,promodeler_mg,2,1,1,9,4,809,b,17
2018-02-22T16:00:00+00:00,2.2.2,gachi,standard,yagura,battera,300,bravo,FALSE,heroshooter_replica,14,12,2,6,3,1008,b-,63,nzap89,7,5,2,9,3,1029,b-,37,hotblaster,15,12,3,7,1,846,b,35,nzap89,13,6,7,6,4,1060,b,38,nzap85,9,5,4,9,3,971,b-,78,sshooter,4,3,1,8,3,995,b,83,nzap85,16,13,3,8,3,971,b-,74,sshooter,8,7,1,10,2,844,b+,85
2018-02-22T16:00:00+00:00,2.2.2,regular,standard,nawabari,arowana,180,bravo,,52gal_deco,5,4,1,4,1,684,,65,bucketslosher,4,2,2,5,3,759,,35,nzap89,3,3,0,4,1,485,,37,nova,3,3,0,6,0,423,,72,campingshelter,5,4,1,3,2,756,,62,dualsweeper,4,3,1,3,2,701,,71,nzap85,8,6,2,4,1,648,,102,sshooter,5,5,0,2,1,625,,59
2018-02-22T16:00:00+00:00,2.2.2,regular,standard,nawabari,arowana,180,alpha,FALSE,bucketslosher_deco,9,9,0,4,3,1082,,69,soytuber_custom,1,1,0,4,2,676,,78,wakaba,3,3,0,5,2,798,,113,bold,4,3,1,3,3,1032,,98,sshooter,5,5,0,3,2,902,,67,sputtery_hue,2,2,0,8,0,572,,41,herospinner_replica,9,7,2,2,3,928,,79,promodeler_rg,3,2,1,3,2,1057,,55
2018-02-22T16:00:00+00:00,2.2.2,regular,standard,nawabari,arowana,180,alpha,FALSE,jetsweeper_custom,4,3,1,1,2,612,,73,kelvin525,8,6,2,1,3,803,,93,soytuber,3,2,1,1,2,604,,85,jetsweeper_custom,4,3,1,0,3,831,,68,hotblaster,2,2,0,4,1,416,,74,96gal,0,0,0,1,3,855,,52,splatspinner,1,1,0,4,1,630,,67,promodeler_mg,0,0,0,5,3,694,,49
2018-02-22T16:00:00+00:00,2.2.2,regular,standard,nawabari,arowana,180,alpha,,52gal_deco,10,8,2,2,2,828,,65,bucketslosher,5,4,1,4,3,783,,35,campingshelter,3,0,3,3,1,698,,62,squiclean_a,5,4,1,3,2,524,,47,nzap85,5,4,1,4,2,858,,102,wakaba,5,1,4,5,2,741,,72,sshooter,4,4,0,3,2,693,,59,nzap89,4,3,1,6,0,534,,37
2018-02-22T16:00:00+00:00,2.2.2,gachi,standard,yagura,battera,300,bravo,FALSE,prime,10,7,3,2,5,1124,b+,36,nzap85,6,4,2,8,3,983,b,17,bucketslosher,12,8,4,5,4,933,b-,40,sputtery_hue,12,10,2,8,4,1089,b-,29,splatroller,5,5,0,10,3,781,b+,64,nzap89,8,6,2,7,6,1349,b+,52,bold,7,6,1,6,4,1091,b,30,nzap85,7,4,3,6,5,1160,b,26
2018-02-22T16:00:00+00:00,2.2.2,gachi,standard,yagura,mozuku,300,bravo,FALSE,heroshooter_replica,14,14,0,7,1,753,b-,63,maneuver,6,3,3,8,4,948,b,41,nzap85,4,3,1,7,3,1033,b,60,squiclean_a,7,6,1,6,3,940,b+,52,splatroller,7,7,0,6,5,873,b+,82,barrelspinner_deco,9,8,1,5,6,920,b-,46,nzap89,8,4,4,8,5,960,b-,37,sshooter,10,9,1,7,2,949,b,75
2018-02-22T16:00:00+00:00,2.2.2,regular,standard,nawabari,tachiuo,180,alpha,FALSE,bucketslosher_deco,2,2,0,3,3,841,,69,herospinner_replica,7,6,1,0,3,701,,79,heroblaster_replica,8,7,1,4,2,658,,84,promodeler_rg,1,1,0,3,3,897,,58,soytuber_custom,2,2,0,5,2,585,,78,sshooter,3,2,1,3,1,591,,67,sputtery_hue,2,2,0,6,1,585,,41,splatspinner,5,3,2,3,3,758,,66
2018-02-22T16:00:00+00:00,2.2.2,regular,standard,nawabari,arowana,180,alpha,FALSE,jetsweeper_custom,6,5,1,1,1,588,,73,sharp,2,1,1,2,2,533,,52,soytuber,4,3,1,2,2,712,,85,h3reelgun,6,4,2,2,2,727,,67,kelvin525,4,3,1,4,1,659,,93,hokusai_hue,0,0,0,3,1,465,,74,jetsweeper_custom,4,3,1,3,2,764,,68,splatcharger,1,1,0,3,1,506,,68
2018-02-22T16:00:00+00:00,2.2.2,regular,standard,nawabari,tachiuo,180,alpha,,52gal_deco,3,1,2,0,2,641,,65,nzap85,9,7,2,2,3,1004,,102,nzap89,5,5,0,4,1,530,,37,squiclean_a,2,2,0,3,1,429,,47,sputtery_hue,4,3,1,5,2,868,,59,campingshelter,3,2,1,5,1,619,,62,splatcharger,4,2,2,3,0,373,,72,nova,3,1,2,5,0,263,,31
2018-02-22T16:00:00+00:00,2.2.2,gachi,standard,yagura,mozuku,300,bravo,FALSE,rapid,8,5,3,9,4,1209,s,41,sputtery,11,8,3,11,3,741,s,83,maneuver_collabo,9,6,3,11,2,963,s,77,jetsweeper_custom,6,3,3,11,3,897,s,54,maneuver_collabo,18,17,1,9,3,1055,s,97,hydra,11,9,2,2,3,873,s,53,wakaba,16,9,7,5,7,1208,s,70,jetsweeper,11,7,4,6,5,921,s,97
2018-02-22T16:00:00+00:00,2.2.2,gachi,standard,yagura,battera,300,alpha,FALSE,prime,10,9,1,4,5,1158,b+,36,nzap89,4,4,0,11,2,888,b-,20,maneuver_collabo,14,12,2,8,2,1025,b,46,sshooter_collabo,11,7,4,6,0,895,b,35,nzap85,12,6,6,11,2,875,b-,21,jetsweeper_custom,4,3,1,6,4,986,b+,47,splatroller,15,15,0,7,3,1155,b+,51,sshooter,6,5,1,8,3,1016,b+,80
2018-02-22T16:00:00+00:00,2.2.2,regular,standard,nawabari,arowana,180,alpha,FALSE,jetsweeper_custom,1,1,0,1,2,602,,73,kelvin525,8,6,2,2,5,996,,93,hokusai_hue,5,5,0,2,3,741,,74,soytuber,0,0,0,3,1,654,,85,wakaba,2,2,0,4,2,827,,52,jetsweeper_custom,4,4,0,2,2,713,,68,h3reelgun,1,0,1,4,3,692,,67,splatcharger,3,2,1,2,1,629,,68
2018-02-22T16:00:00+00:00,2.2.2,gachi,standard,yagura,battera,300,alpha,FALSE,hydra,13,13,0,7,2,758,s+,118,dynamo,14,13,1,7,3,1236,s+,140,splatroller_collabo,4,3,1,7,5,1023,s+,76,herocharger_replica,7,6,1,8,4,931,s+,81,rapid,18,13,5,9,2,1039,s+,102,screwslosher,10,6,4,7,2,893,s+,68,parashelter,4,2,2,10,2,912,s+,61,dynamo_tesla,10,8,2,9,4,1003,s+,39
2018-02-22T16:00:00+00:00,2.2.2,gachi,standard,yagura,battera,300,alpha,FALSE,heroshooter_replica,21,20,1,4,5,1203,b-,63,liter4k_scope,7,4,3,5,4,846,b,54,52gal_deco,10,9,1,7,4,909,b-,66,nzap89,8,6,2,9,3,771,b-,37,sshooter,3,2,1,12,2,846,b,40,bold,2,2,0,10,2,737,b-,27,bamboo14mk1,0,0,0,11,2,507,b,59,sshooter,21,21,0,6,4,1349,b,75
2018-02-22T16:00:00+00:00,2.2.2,regular,standard,nawabari,arowana,180,alpha,,52gal_deco,2,2,0,3,2,749,,65,sputtery_hue,8,7,1,2,2,832,,59,nzap89,2,2,0,5,1,575,,37,variableroller,5,4,1,2,2,566,,72,nzap85,6,5,1,5,2,794,,102,campingshelter,4,3,1,3,2,722,,62,splatcharger,4,3,1,4,1,629,,47,splatcharger,1,1,0,3,1,426,,31
2018-02-22T16:00:00+00:00,2.2.2,regular,standard,nawabari,tachiuo,180,alpha,FALSE,bucketslosher_deco,2,2,0,3,2,780,,69,sputtery_hue,5,4,1,5,2,855,,41,splatspinner,2,2,0,2,4,892,,66,bold,6,6,0,3,2,978,,52,soytuber_custom,1,1,0,3,2,618,,78,promodeler_rg,6,5,1,3,3,1102,,67,sharp,6,6,0,3,0,718,,96,carbon,1,1,0,5,1,544,,70
2018-02-22T18:00:00+00:00,2.2.2,gachi,standard,hoko,hokke,317,alpha,FALSE,rapid,15,10,5,4,4,1147,s,41,splatroller,11,8,3,6,4,918,s,55,sputtery_hue,23,15,8,6,4,1056,s,62,wakaba,13,6,7,7,4,1112,s,69,sshooter,10,8,2,14,0,1086,s,61,sputtery_hue,9,6,3,10,4,1192,s,43,hydra,5,3,2,8,1,762,s,60,hotblaster,6,6,0,7,3,1114,s,57
2018-02-22T18:00:00+00:00,2.2.2,gachi,standard,hoko,ama,329,alpha,FALSE,herospinner_replica,13,8,5,3,4,1390,s+,118,nzap89,18,16,2,8,2,1175,s+,87,carbon,16,10,6,8,5,1253,s+,76,52gal_deco,6,4,2,10,1,900,s+,95,nzap85,8,6,2,13,1,1211,s+,85,splatspinner,11,9,2,6,6,1562,s+,81,sshooter,10,8,2,10,2,876,s+,69,prime_collabo,7,6,1,9,3,857,s+,33
2018-02-22T18:00:00+00:00,2.2.2,gachi,standard,hoko,hokke,303,bravo,FALSE,rapid,5,5,0,8,3,1128,s,41,splatroller,13,9,4,8,5,1189,s,55,nzap89,5,5,0,8,4,1165,s,60,hydra,14,10,4,10,1,787,s,60,splatroller,16,15,1,5,3,1092,s,71,nzap85,8,4,4,9,2,1096,s,44,prime,12,8,4,8,2,733,s,53,sputtery_hue,13,7,6,7,4,1162,s,62
2018-02-22T18:00:00+00:00,2.2.2,gachi,standard,hoko,hokke,120,alpha,TRUE,herospinner_replica,4,4,0,2,2,623,s+,118,sputtery,2,2,0,2,2,570,s+,129,nzap85,9,5,4,2,2,581,s+,85,prime_collabo,3,2,1,2,2,531,s+,80,prime_collabo,4,3,1,2,2,610,s+,44,splatroller,1,1,0,4,1,303,s+,63,carbon,3,2,1,3,2,382,s+,76,splatspinner,2,2,0,4,1,348,s+,71
2018-02-22T18:00:00+00:00,2.2.2,gachi,standard,hoko,ama,300,alpha,FALSE,herospinner_replica,9,3,6,2,5,1334,s+,118,sshooter_collabo,10,9,1,6,4,1454,s+,136,heromaneuver_replica,7,7,0,6,3,1128,s+,68,splatspinner,10,8,2,5,5,1145,s+,71,bucketslosher_deco,7,7,0,9,2,1135,s+,99,bold,4,4,0,7,3,1225,s+,64,prime_collabo,7,6,1,7,5,1381,s+,41,l3reelgun,6,2,4,5,6,1319,s+,73
2018-02-22T18:00:00+00:00,2.2.2,gachi,standard,hoko,ama,270,alpha,TRUE,rapid,11,8,3,5,4,1313,s,41,barrelspinner,7,4,3,6,3,1053,s,57,bold,5,4,1,10,0,963,s,86,nzap85,12,8,4,7,4,1250,s,44,dualsweeper,9,7,2,4,4,1172,s,78,nzap89,10,7,3,8,3,1049,s,60,splatscope,4,3,1,6,4,932,s,72,bold,15,11,4,6,4,1426,s,67
2018-02-22T18:00:00+00:00,2.2.2,gachi,standard,hoko,ama,323,alpha,FALSE,rapid,9,9,0,5,4,1279,s,41,heromaneuver_replica,12,9,3,9,2,1100,s,77,herospinner_replica,6,3,3,6,4,1247,s,68,splatroller,8,8,0,7,3,1231,s,59,sputtery_hue,7,5,2,9,4,1577,s,84,barrelspinner_deco,5,5,0,6,4,1012,s,58,splatcharger,9,8,1,7,3,1138,s,65,nzap85,9,9,0,7,5,0,s,73
2018-02-22T18:00:00+00:00,2.2.2,gachi,standard,hoko,ama,54,alpha,TRUE,herospinner_replica,2,2,0,0,1,223,s+,118,sshooter_collabo,2,2,0,1,0,259,s+,73,sshooter_collabo,5,5,0,1,1,354,s+,136,sputtery_hue,2,1,1,2,0,193,s+,44,bold,3,3,0,3,0,226,s+,124,jetsweeper,2,0,2,3,0,130,s+,78,sshooter,0,0,0,2,0,111,s+,112,liter4k_scope,3,1,2,2,1,277,s+,50
2018-02-22T18:00:00+00:00,2.2.2,gachi,standard,hoko,hokke,114,alpha,TRUE,herospinner_replica,5,4,1,2,2,592,s+,118,sshooter,8,8,0,1,1,617,s+,112,sshooter_collabo,4,2,2,3,1,487,s+,73,longblaster,2,2,0,3,0,418,s+,80,maneuver_collabo,2,2,0,5,0,300,s+,72,sshooter_collabo,7,6,1,3,1,572,s+,136,bold,1,1,0,4,0,0,s+,124,jetsweeper,2,0,2,4,1,342,s+,78
2018-02-22T18:00:00+00:00,2.2.2,gachi,standard,hoko,hokke,300,alpha,FALSE,herospinner_replica,7,4,3,2,6,1234,s+,118,prime,14,9,5,5,5,1402,s+,76,sshooter_collabo,13,10,3,7,1,1074,s+,136,splatroller,8,8,0,6,1,808,s+,54,sshooter_collabo,5,4,1,11,0,917,s+,73,herospinner_replica,11,8,3,4,7,1601,s+,140,parashelter,6,4,2,9,2,740,s+,52,longblaster,4,4,0,7,4,1038,s+,80
2018-02-22T18:00:00+00:00,2.2.2,gachi,standard,hoko,ama,300,alpha,FALSE,rapid,12,9,3,4,4,1299,s,41,pablo,8,7,1,6,4,1030,s,49,prime_collabo,19,16,3,8,3,1124,s,47,sshooter,3,1,2,11,2,980,s,109,prime_collabo,10,9,1,5,3,1059,s,83,nzap85,11,8,3,10,4,1202,s,90,sputtery_hue,5,2,3,9,2,1073,s,69,sshooter,13,10,3,9,1,1063,s,83
2018-02-22T18:00:00+00:00,2.2.2,gachi,standard,hoko,ama,144,bravo,TRUE,sshooter,5,1,4,5,0,477,a,53,sputtery,5,4,1,6,3,765,a-,47,nzap85,4,3,1,7,1,457,a,59,dualsweeper,13,10,3,4,2,675,a-,60,sshooter,9,7,2,4,2,701,a,71,momiji,12,7,5,4,3,885,a+,45,sshooter,3,3,0,5,0,443,a,27,nzap85,7,5,2,5,0,490,a,64
2018-02-22T18:00:00+00:00,2.2.2,gachi,standard,hoko,hokke,315,bravo,FALSE,sshooter,17,15,2,10,3,1290,a,53,sshooter,16,10,6,9,2,982,a,56,sshooter,12,7,5,10,1,873,a-,81,promodeler_mg,14,9,5,10,4,1527,a-,97,sshooter,14,11,3,9,1,1210,a,71,sputtery,11,9,2,14,1,895,a-,79,sshooter,12,11,1,10,1,1192,a,27,sshooter,13,7,6,8,3,1021,a-,48
2018-02-22T18:00:00+00:00,2.2.2,gachi,standard,hoko,ama,184,bravo,TRUE,herospinner_replica,7,7,0,3,3,875,s+,118,sshooter_collabo,4,3,1,9,0,525,s+,73,prime,12,6,6,7,1,570,s+,76,nzap85,4,3,1,8,1,534,s+,83,herospinner_replica,11,9,2,2,4,1093,s+,140,sshooter_collabo,9,8,1,6,1,668,s+,136,heroblaster_replica,6,5,1,5,2,593,s+,106,nzap85,8,5,3,6,0,496,s+,81
2018-02-22T18:00:00+00:00,2.2.2,gachi,standard,hoko,ama,300,alpha,FALSE,rapid,12,11,1,6,4,1174,s+,41,hotblaster,7,4,3,10,2,913,s+,56,sputtery,7,7,0,11,3,1115,s+,109,carbon,16,12,4,8,4,1171,s+,65,sshooter_collabo,12,10,2,11,1,1156,s+,99,dynamo,6,3,3,5,3,1144,s+,66,splatroller,14,11,3,8,1,882,s+,65,pablo,10,10,0,10,3,1332,s+,72
2018-02-22T18:00:00+00:00,2.2.2,gachi,standard,hoko,hokke,298,alpha,TRUE,herospinner_replica,9,7,2,3,4,1251,s+,118,sshooter_collabo,15,11,4,7,2,1207,s+,136,maneuver_collabo,12,8,4,7,3,941,s+,87,splatspinner,12,10,2,3,4,1220,s+,114,maneuver_collabo,9,7,2,9,6,1071,s+,65,hokusai,5,3,2,10,0,757,s+,95,sshooter,9,5,4,8,2,1279,s+,48,96gal_deco,5,5,0,10,3,1057,s+,59
2018-02-22T18:00:00+00:00,2.2.2,gachi,standard,hoko,ama,328,alpha,FALSE,sshooter,10,7,3,12,2,1204,a,53,splatroller,8,7,1,8,2,1075,a,69,nzap89,17,15,2,8,5,1442,a-,47,carbon,11,8,3,12,2,766,a-,31,screwslosher_neo,13,11,2,11,1,1190,a,87,liter4k,9,8,1,7,3,771,a-,73,sshooter,18,15,3,8,4,1490,a-,49,nzap85,13,6,7,13,2,1076,a,102
2018-02-22T18:00:00+00:00,2.2.2,gachi,standard,hoko,ama,300,alpha,FALSE,herospinner_replica,6,6,0,4,5,1363,s+,118,maneuver,15,10,5,5,4,1127,s+,54,sshooter_collabo,18,15,3,8,3,1260,s+,136,heroshooter_replica,9,5,4,5,1,989,s+,73,heroroller_replica,8,7,1,11,0,1051,s+,77,sshooter,3,3,0,10,2,1241,s+,48,jetsweeper_custom,5,3,2,5,5,1037,s+,87,carbon,9,9,0,10,3,1057,s+,76
2018-02-22T18:00:00+00:00,2.2.2,gachi,standard,hoko,hokke,304,bravo,FALSE,sshooter,8,4,4,13,2,960,a,53,sshooter_collabo,11,10,1,9,1,1205,a,60,splatcharger,5,4,1,4,3,1127,a-,45,bucketslosher,11,8,3,11,3,915,a+,74,sshooter,10,7,3,8,2,1109,a-,49,jetsweeper,5,4,1,7,3,1004,a+,46,splatroller,16,11,5,7,3,1231,a,57,screwslosher_neo,19,15,4,5,3,1094,a-,47
2018-02-22T18:00:00+00:00,2.2.2,gachi,standard,hoko,hokke,261,bravo,TRUE,rapid,8,5,3,4,2,1142,s+,41,splatroller,8,7,1,8,3,991,s+,73,screwslosher_neo,5,1,4,5,2,761,s+,171,sputtery,14,12,2,8,2,1123,s+,59,bold,12,8,4,6,4,1585,s+,92,liter4k_scope,2,1,1,5,2,760,s+,92,nzap85,12,10,2,7,3,1166,s+,98,sputtery,9,6,3,7,0,796,s+,66
2018-02-22T18:00:00+00:00,2.2.2,gachi,standard,hoko,ama,126,alpha,TRUE,herospinner_replica,6,2,4,1,2,629,s+,118,heroroller_replica,5,4,1,5,0,388,s+,77,nzap89,8,5,3,2,0,420,s+,87,heroshooter_replica,10,8,2,1,2,670,s+,73,sshooter,4,4,0,5,0,549,s+,48,barrelspinner,3,1,2,4,1,371,s+,85,maneuver_collabo,1,1,0,5,0,412,s+,67,heroroller_replica,3,3,0,5,2,564,s+,81
2018-02-22T18:00:00+00:00,2.2.2,gachi,standard,hoko,hokke,300,alpha,FALSE,rapid,10,7,3,5,3,1038,s+,41,momiji,8,3,5,5,4,1250,s+,96,96gal,8,7,1,6,3,1211,s+,112,nzap85,13,9,4,6,3,1007,s+,68,sshooter,7,6,1,8,1,1326,s+,95,rapid_elite,6,4,2,9,4,1109,s+,82,herocharger_replica,2,1,1,6,3,1115,s+,92,heroslosher_replica,12,11,1,4,5,1576,s+,171
2018-02-22T18:00:00+00:00,2.2.2,gachi,standard,hoko,ama,43,bravo,TRUE,sshooter,0,0,0,2,0,214,a,53,splatroller,3,2,1,3,0,103,a,73,longblaster,0,0,0,2,0,115,a-,75,bold,2,1,1,3,0,152,a+,60,prime_collabo,1,1,0,1,0,126,a+,72,sputtery,4,4,0,1,0,342,a+,43,splatroller,4,4,0,1,0,160,a+,59,nzap89,1,1,0,0,0,217,a+,75
2018-02-22T18:00:00+00:00,2.2.2,gachi,standard,hoko,hokke,141,alpha,TRUE,herospinner_replica,8,6,2,0,3,743,s+,118,maneuver_collabo,10,10,0,5,2,671,s+,67,splatscope,3,3,0,3,1,572,s+,74,heroshooter_replica,6,3,3,1,0,552,s+,73,sshooter,2,2,0,4,0,551,s+,48,hissen,2,1,1,8,0,299,s+,49,h3reelgun,5,5,0,3,3,699,s+,113,heroroller_replica,1,1,0,7,0,374,s+,77
2018-02-22T18:00:00+00:00,2.2.2,gachi,standard,hoko,hokke,58,alpha,TRUE,sshooter,5,5,0,1,0,283,a,53,bold,2,2,0,0,0,257,a-,49,nzap85,1,0,1,1,0,182,a-,26,splatroller,3,2,1,0,1,302,a-,38,clashblaster,1,0,1,3,0,63,a+,93,maneuver_collabo,0,0,0,3,0,117,a,28,sshooter_collabo,1,0,1,3,0,123,a,37,splatcharger,2,2,0,0,1,276,a+,81
2018-02-22T18:00:00+00:00,2.2.2,gachi,standard,hoko,ama,300,alpha,FALSE,herospinner_replica,10,8,2,2,4,1498,s+,118,maneuver_collabo,12,7,5,9,1,1013,s+,71,screwslosher,11,7,4,3,4,1138,s+,58,sputtery_hue,8,4,4,6,1,513,s+,30,hokusai_hue,5,4,1,4,5,740,s+,65,splatcharger_collabo,1,1,0,10,1,807,s+,48,prime_collabo,7,6,1,4,3,1182,s+,75,hotblaster,11,9,2,8,1,981,s+,87
2018-02-22T18:00:00+00:00,2.2.2,gachi,standard,hoko,hokke,86,alpha,TRUE,sshooter,4,4,0,2,1,477,a,53,nzap85,2,1,1,1,1,314,a-,63,splatcharger,1,1,0,0,1,282,a,58,sshooter,4,3,1,2,0,329,a,64,nzap85,2,2,0,3,1,471,a-,65,sputtery,1,0,1,1,1,376,a,67,nzap89,2,1,1,2,0,244,a-,85,sshooter,2,2,0,3,0,304,a+,88
2018-02-22T18:00:00+00:00,2.2.2,gachi,standard,hoko,hokke,300,alpha,FALSE,rapid,4,3,1,5,4,1384,s+,41,sshooter,6,6,0,7,3,1185,s+,95,carbon,13,9,4,6,4,1011,s+,75,screwslosher,12,7,5,7,3,1080,s+,88,bold,10,10,0,8,3,1162,s+,73,heroslosher_replica,11,8,3,6,5,1401,s+,171,nzap85,8,4,4,7,1,1094,s+,68,dynamo,5,3,2,5,3,1038,s+,81
2018-02-22T18:00:00+00:00,2.2.2,gachi,standard,hoko,ama,303,alpha,FALSE,sshooter,16,15,1,6,5,1466,a,53,sshooter,8,4,4,9,1,901,a-,40,sshooter,9,8,1,6,3,1232,a,64,hissen,12,8,4,10,2,1143,a-,39,sputtery,8,8,0,10,2,1164,a,67,nzap85,7,2,5,9,3,1090,a-,65,nzap85,12,10,2,7,3,1131,a-,63,nzap85,15,11,4,9,6,1501,a-,84
2018-02-22T18:00:00+00:00,2.2.2,gachi,standard,hoko,hokke,300,alpha,FALSE,herospinner_replica,8,7,1,2,6,1316,s+,118,jetsweeper,8,3,5,5,4,923,s+,46,sshooter_collabo,5,4,1,4,1,0,s+,83,herocharger_replica,10,9,1,6,2,901,s+,34,sputtery_hue,11,10,1,8,3,1414,s+,129,jetsweeper,2,2,0,6,4,1194,s+,83,splatspinner,3,3,0,1,3,0,s+,114,hydra,2,2,0,8,0,594,s+,60
2018-02-22T18:00:00+00:00,2.2.2,gachi,standard,hoko,hokke,310,alpha,FALSE,rapid,8,5,3,7,3,1192,s+,41,carbon,20,11,9,5,6,1309,s+,87,splatscope,9,7,2,5,4,983,s+,89,bold,9,8,1,10,2,1429,s+,81,nzap85,12,9,3,9,2,1146,s+,66,bold,11,11,0,7,4,1247,s+,68,sputtery_hue,10,5,5,7,4,1273,s+,67,longblaster,5,2,3,8,3,1078,s+,54
2018-02-22T18:00:00+00:00,2.2.2,gachi,standard,hoko,ama,85,alpha,TRUE,sshooter,2,2,0,3,1,404,a,53,sshooter,3,3,0,2,0,386,a,64,bold,1,1,0,1,1,503,a+,88,nzap85,5,3,2,2,1,417,a,55,sputtery,1,1,0,3,1,380,a-,67,sshooter,4,4,0,1,1,403,a-,40,nzap89,2,2,0,3,1,285,a-,113,splatroller,2,1,1,2,0,317,a-,41
2018-02-22T18:00:00+00:00,2.2.2,gachi,standard,hoko,ama,300,bravo,FALSE,sshooter,6,6,0,13,1,955,a,53,splatroller,10,9,1,9,3,1075,a+,39,pablo,6,3,3,8,4,1225,a-,75,rapid,6,3,3,7,2,1046,a+,81,maneuver_collabo,11,9,2,6,3,1142,a+,89,nzap85,19,13,6,9,3,1278,a+,47,dualsweeper,14,11,3,3,4,1493,a,49,splatroller,5,4,1,3,1,712,a,70
2018-02-22T18:00:00+00:00,2.2.2,gachi,standard,hoko,ama,143,alpha,TRUE,herospinner_replica,8,5,3,2,2,660,s+,118,hokusai,6,5,1,3,0,398,s+,48,52gal_deco,6,6,0,1,2,639,s+,79,jetsweeper,6,4,2,1,4,780,s+,73,splatspinner,4,4,0,4,2,646,s+,66,barrelspinner_deco,1,1,0,5,0,382,s+,48,soytuber_custom,3,2,1,6,1,448,s+,35,prime_collabo,0,0,0,5,1,522,s+,70
2018-02-22T18:00:00+00:00,2.2.2,gachi,standard,hoko,ama,301,bravo,FALSE,rapid,6,3,3,7,4,1191,s+,41,sshooter,6,5,1,11,2,943,s+,74,bold,7,3,4,9,2,1157,s+,68,heroblaster_replica,14,12,2,5,2,813,s+,70,splatcharger,14,9,5,3,4,994,s+,64,nzap85,8,7,1,8,3,1186,s+,65,carbon,9,8,1,6,1,800,s+,55,prime,11,8,3,6,5,1395,s+,92
2018-02-22T18:00:00+00:00,2.2.2,gachi,standard,hoko,ama,67,alpha,TRUE,herospinner_replica,4,4,0,0,1,427,s+,119,nzap85,2,1,1,1,1,355,s+,86,52gal_deco,4,3,1,0,0,431,s+,75,wakaba,1,0,1,2,1,263,s+,62,heroshooter_replica,1,1,0,2,1,306,s+,73,bold,0,0,0,2,1,405,s+,100,heromaneuver_replica,0,0,0,2,1,248,s+,58,nzap85,3,2,1,2,1,388,s+,63
2018-02-22T18:00:00+00:00,2.2.2,gachi,standard,hoko,ama,36,bravo,TRUE,sshooter,1,1,0,2,0,132,a,53,splatroller,1,1,0,0,0,195,a,70,dualsweeper,1,0,1,2,0,159,a,56,sshooter,0,0,0,2,0,147,a,89,maneuver_collabo,3,1,2,1,0,144,a+,70,momiji,2,0,2,0,0,187,a,68,sshooter,4,4,0,0,0,209,a+,61,rapid,2,1,1,1,0,220,a+,70
2018-02-22T18:00:00+00:00,2.2.2,gachi,standard,hoko,hokke,300,alpha,FALSE,herospinner_replica,15,13,2,3,3,1273,s+,119,52gal_deco,7,3,4,7,1,1031,s+,76,heroshooter_replica,7,4,3,4,0,938,s+,73,bold,7,6,1,11,3,1266,s+,70,hokusai,8,7,1,5,3,877,s+,95,52gal,8,7,1,10,4,1176,s+,110,nzap85,11,8,3,7,4,1140,s+,63,hotblaster,5,3,2,4,2,849,s+,71
2018-02-22T18:00:00+00:00,2.2.2,gachi,standard,hoko,hokke,310,alpha,FALSE,sshooter,6,3,3,13,1,962,a,53,splatroller,21,18,3,5,3,1291,a+,76,sshooter,5,5,0,8,1,801,a-,82,sshooter,11,10,1,7,1,1102,a,89,sshooter,9,7,2,10,2,1101,a,90,screwslosher,14,11,3,7,3,1109,a-,80,sputtery,9,7,2,11,1,1217,a-,67,sshooter,9,8,1,9,1,1011,a-,53
2018-02-22T18:00:00+00:00,2.2.2,gachi,standard,hoko,ama,304,bravo,FALSE,rapid,8,4,4,7,3,967,s+,41,sshooter,12,12,0,8,4,947,s+,93,liter4k_scope,2,1,1,4,5,1131,s+,43,hissen,5,5,0,9,3,884,s+,53,52gal_deco,15,13,2,5,2,1182,s+,107,splatcharger,7,4,3,5,0,1008,s+,41,barrelspinner,11,8,3,6,3,1003,s+,131,bamboo14mk1,4,3,1,7,0,1162,s+,92
2018-02-22T18:00:00+00:00,2.2.2,gachi,standard,hoko,hokke,300,bravo,FALSE,soytuber_custom,8,4,4,5,4,1120,a+,67,nzap85,9,7,2,9,2,900,a+,90,pablo,11,10,1,7,4,1121,a,34,52gal_deco,8,7,1,8,3,1160,a+,67,nzap85,9,7,2,9,3,1298,a+,47,splatroller_collabo,17,14,3,7,2,997,a-,35,nzap85,6,4,2,7,1,824,a+,60,heroshelter_replica,5,4,1,5,3,952,a+,45
2018-02-22T18:00:00+00:00,2.2.2,gachi,standard,hoko,hokke,207,alpha,TRUE,herospinner_replica,9,8,1,2,3,857,s+,119,52gal_deco,5,4,1,5,2,909,s+,76,prime_collabo,7,6,1,4,2,744,s+,95,screwslosher_neo,15,11,4,6,2,722,s+,95,screwslosher_neo,9,4,5,7,0,424,s+,85,prime_collabo,5,5,0,8,0,777,s+,56,heroroller_replica,3,3,0,7,1,741,s+,77,sshooter_collabo,6,5,1,7,1,792,s+,137
2018-02-22T18:00:00+00:00,2.2.2,gachi,standard,hoko,ama,341,bravo,FALSE,rapid,8,6,2,7,4,1243,s+,41,liter4k_scope,7,3,4,4,6,1781,s+,75,bold,6,6,0,13,2,1222,s+,124,carbon,10,10,0,11,4,1266,s+,75,carbon,8,7,1,11,2,794,s+,88,momiji,20,15,5,4,9,2701,s+,34,hotblaster,15,9,6,7,3,1111,s+,68,longblaster,8,4,4,3,4,1261,s+,84
2018-02-22T18:00:00+00:00,2.2.2,gachi,standard,hoko,hokke,300,alpha,FALSE,sshooter,4,3,1,11,1,925,a,53,splatroller,9,8,1,12,1,882,a-,110,bold,16,16,0,8,3,1499,a-,76,screwslosher,8,5,3,7,3,1028,a,64,nzap85,17,10,7,7,5,1232,a+,78,heromaneuver_replica,15,14,1,9,2,986,a+,53,nzap85,8,7,1,12,1,875,a-,72,96gal_deco,8,7,1,4,3,1054,a,44
2018-02-22T18:00:00+00:00,2.2.2,gachi,standard,hoko,ama,300,bravo,FALSE,herospinner_replica,6,5,1,3,5,1370,s+,119,sshooter_collabo,13,8,5,9,1,1096,s+,137,screwslosher_neo,11,7,4,5,4,1255,s+,72,hokusai_hue,7,6,1,6,4,826,s+,81,l3reelgun_d,7,3,4,4,3,1193,s+,96,prime_collabo,6,5,1,4,5,1219,s+,95,screwslosher_neo,13,8,5,8,3,816,s+,85,sputtery_hue,7,7,0,10,2,929,s+,129
2018-02-22T18:00:00+00:00,2.2.2,gachi,standard,hoko,hokke,315,bravo,FALSE,soytuber_custom,5,5,0,5,2,1131,a+,67,jetsweeper,6,5,1,9,3,1169,a+,131,clashblaster,10,6,4,10,2,901,a-,42,splatroller,11,8,3,6,2,901,a+,98,maneuver,7,6,1,8,2,1011,a-,48,bottlegeyser,7,4,3,4,5,833,a,78,hotblaster_custom,14,12,2,3,0,964,a+,65,splatroller,8,8,0,9,4,1222,a,68
2018-02-22T18:00:00+00:00,2.2.2,gachi,standard,hoko,ama,252,alpha,TRUE,rapid,6,4,2,3,2,738,s+,41,sshooter_collabo,7,5,2,4,3,1144,s+,54,momiji,9,6,3,2,7,1863,s+,34,wakaba,5,4,1,5,3,1030,s+,58,squiclean_a,5,1,4,4,3,606,s+,129,wakaba,5,3,2,7,5,1257,s+,71,longblaster,6,4,2,4,4,1138,s+,84,splatscope,6,6,0,4,5,1071,s+,74
2018-02-22T18:00:00+00:00,2.2.2,gachi,standard,hoko,hokke,134,alpha,TRUE,herospinner_replica,2,0,2,2,3,677,s+,119,screwslosher_neo,8,6,2,3,1,503,s+,72,bamboo14mk1,2,2,0,3,2,575,s+,38,nzap85,10,5,5,1,3,902,s+,52,pablo_hue,2,1,1,5,1,417,s+,70,splatroller,5,5,0,4,2,629,s+,95,hotblaster,3,1,2,0,0,0,s+,71,nzap85,3,2,1,4,2,626,s+,58
2018-02-22T18:00:00+00:00,2.2.2,gachi,standard,hoko,hokke,300,alpha,FALSE,herospinner_replica,13,10,3,3,5,1317,s+,119,splatscope,10,7,3,4,5,1211,s+,74,nzap89,7,7,0,8,1,964,s+,88,sshooter,9,7,2,8,2,1005,s+,49,sshooter,6,5,1,11,1,791,s+,63,heroshooter_replica,7,6,1,9,3,1217,s+,78,screwslosher,7,2,5,7,4,1071,s+,106,jetsweeper_custom,10,10,0,4,7,1251,s+,91
2018-02-22T18:00:00+00:00,2.2.2,gachi,standard,hoko,ama,41,bravo,TRUE,soytuber_custom,0,0,0,1,0,138,a+,67,heroslosher_replica,1,1,0,2,0,279,a-,97,bold,0,0,0,2,0,228,a+,127,heroroller_replica,0,0,0,2,0,101,a,85,splatcharger,1,1,0,0,0,200,a-,22,heromaneuver_replica,2,2,0,0,1,267,a,48,splatroller,4,3,1,1,1,321,a-,44,wakaba,2,1,1,0,1,305,a+,83
2018-02-22T18:00:00+00:00,2.2.2,regular,standard,nawabari,devon,180,alpha,FALSE,rapid,5,5,0,2,2,766,,41,momiji,5,3,2,4,2,905,,61,variableroller_foil,4,3,1,3,1,592,,38,liter4k_scope,2,1,1,1,2,552,,55,nzap85,0,0,0,7,0,443,,39,maneuver_collabo,5,5,0,2,2,846,,68,prime,3,3,0,1,3,786,,34,squiclean_a,2,2,0,2,2,502,,40
2018-02-22T18:00:00+00:00,2.2.2,gachi,standard,hoko,ama,300,bravo,FALSE,liter4k,7,3,4,4,4,781,a+,67,52gal_deco,10,7,3,4,1,1271,a+,48,heroshooter_replica,13,11,2,7,3,1083,a+,83,barrelspinner,15,13,2,7,2,909,a,40,maneuver,4,3,1,5,3,874,a+,88,dynamo,6,6,0,6,2,1016,a,63,sputtery,7,7,0,11,1,1103,a+,101,nzap85,8,6,2,12,1,808,a,54
2018-02-22T18:00:00+00:00,2.2.2,gachi,standard,hoko,hokke,300,alpha,FALSE,herospinner_replica,6,5,1,5,3,1181,s+,119,sshooter_collabo,7,5,2,7,1,1012,s+,68,jetsweeper_custom,9,7,2,1,6,1104,s+,91,screwslosher,11,7,4,6,4,1029,s+,106,splatscope,7,5,2,2,5,1228,s+,74,heroshooter_replica,5,5,0,7,3,1241,s+,78,sputtery_hue,6,3,3,11,2,993,s+,79,screwslosher,7,6,1,4,5,1063,s+,93
2018-02-22T18:00:00+00:00,2.2.2,gachi,standard,hoko,hokke,289,alpha,TRUE,rapid,9,8,1,4,3,1192,s+,41,nzap85,12,9,3,8,2,929,s+,68,bold,8,7,1,11,1,1037,s+,63,splatroller,8,6,2,5,4,1270,s+,76,nzap85,8,5,3,9,1,952,s+,77,sshooter,11,11,0,7,3,1258,s+,78,screwslosher_neo,6,3,3,7,3,990,s+,114,sputtery_hue,11,9,2,7,4,1079,s+,75
2018-02-22T18:00:00+00:00,2.2.2,gachi,standard,hoko,hokke,39,alpha,TRUE,liter4k,0,0,0,1,0,116,a+,67,heroroller_replica,6,5,1,0,1,285,a-,71,heroshooter_replica,2,2,0,0,0,162,a+,83,52gal_deco,2,1,1,0,0,190,a-,67,nzap85,0,0,0,2,0,118,a-,47,sshooter_collabo,1,0,1,2,0,180,a,55,96gal_deco,1,1,0,2,0,140,a,65,bold,0,0,0,2,0,176,a+,68
2018-02-22T18:00:00+00:00,2.2.2,gachi,standard,hoko,ama,305,bravo,FALSE,herospinner_replica,14,10,4,8,4,1399,s+,119,nzap89,12,9,3,11,1,1119,s+,88,heroshooter_replica,12,9,3,11,2,1108,s+,78,clashblaster,10,5,5,13,1,646,s+,46,dualsweeper,14,10,4,6,3,1167,s+,54,sshooter,9,7,2,7,1,1086,s+,81,screwslosher_neo,14,11,3,10,3,1016,s+,95,bold,21,15,6,10,3,1166,s+,61
2018-02-22T18:00:00+00:00,2.2.2,gachi,standard,hoko,hokke,263,alpha,TRUE,liter4k,10,9,1,6,2,700,a+,67,nzap85,9,6,3,5,2,1018,a-,24,heroroller_replica,8,8,0,6,3,984,a-,71,barrelspinner,6,4,2,4,3,1148,a-,45,sshooter_collabo,4,3,1,8,2,753,a+,52,splatscope,3,1,2,6,3,700,a+,62,nzap85,13,11,2,5,5,1227,a+,87,prime,9,6,3,8,2,683,a+,66
2018-02-22T18:00:00+00:00,2.2.2,gachi,standard,hoko,hokke,76,bravo,TRUE,rapid,3,1,2,2,1,371,s+,41,splatcharger_collabo,2,2,0,2,0,318,s+,54,splatroller,0,0,0,3,1,278,s+,61,bold,5,3,2,2,1,450,s+,60,bamboo14mk1,5,4,1,1,2,547,s+,85,bold,3,2,1,2,0,286,s+,64,herocharger_replica,3,1,2,2,0,609,s+,82,bucketslosher_deco,3,2,1,1,1,280,s+,65
2018-02-22T18:00:00+00:00,2.2.2,regular,standard,nawabari,devon,180,alpha,,h3reelgun,4,4,0,2,3,762,,70,bold,8,6,2,1,4,1199,,57,dualsweeper,4,3,1,3,4,919,,94,maneuver_collabo,4,3,1,1,3,807,,53,bold,2,1,1,4,3,978,,31,sharp,4,3,1,5,3,931,,77,maneuver,2,1,1,5,2,755,,36,splatscope,2,2,0,2,0,724,,38
2018-02-22T18:00:00+00:00,2.2.2,gachi,standard,hoko,hokke,307,alpha,FALSE,rapid,13,10,3,5,3,1107,s+,41,bamboo14mk1,12,9,3,6,4,1449,s+,85,splatcharger_collabo,9,8,1,5,4,1307,s+,54,bucketslosher_deco,10,6,4,8,5,1207,s+,65,maneuver_collabo,11,8,3,9,4,1064,s+,69,herocharger_replica,11,9,2,4,3,1296,s+,82,bold,6,5,1,13,1,941,s+,64,rapid_elite,7,2,5,7,4,1280,s+,38
2018-02-22T20:00:00+00:00,2.2.2,gachi,standard,asari,zatou,310,alpha,FALSE,herospinner_replica,12,10,2,4,2,1357,s+,119,splatroller,10,10,0,8,2,969,s+,79,l3reelgun,10,8,2,9,2,1214,s+,114,dynamo_tesla,8,6,2,9,0,747,s+,111,hokusai,8,5,3,8,0,648,s+,109,rapid,6,4,2,10,2,945,s+,69,splatroller,16,15,1,8,3,1148,s+,76,prime_collabo,7,6,1,8,2,1050,s+,76
2018-02-22T20:00:00+00:00,2.2.2,gachi,standard,asari,manta,313,bravo,FALSE,soytuber_custom,6,6,0,6,4,1002,s,67,hokusai,6,5,1,7,0,853,s,64,heroroller_replica,6,5,1,11,2,777,s,74,maneuver,7,6,1,11,1,663,s,46,prime_collabo,14,9,5,6,3,923,s,84,carbon,9,6,3,5,4,1035,s,35,heroroller_replica,13,11,2,5,0,681,s,79,52gal_deco,8,8,0,7,2,837,s,67
2018-02-22T20:00:00+00:00,2.2.2,regular,standard,nawabari,bbass,180,bravo,,l3reelgun_d,1,0,1,4,2,749,,70,splatspinner,5,3,2,3,4,940,,56,liter4k,4,4,0,2,2,599,,80,dynamo_tesla,1,1,0,6,0,534,,81,bold,1,1,0,1,2,922,,82,barrelspinner,5,5,0,1,4,904,,74,96gal_deco,6,5,1,4,0,648,,72,sputtery,5,4,1,2,1,636,,71
2018-02-22T20:00:00+00:00,2.2.2,gachi,standard,asari,zatou,300,alpha,FALSE,sshooter,14,12,2,10,2,1100,a+,93,splatcharger_collabo,0,0,0,7,1,815,a-,45,splatroller,15,15,0,6,3,1083,a-,43,promodeler_mg,7,6,1,10,2,879,a+,85,nzap89,13,11,2,6,5,1337,a,87,sputtery_hue,10,8,2,7,3,1029,a-,34,sshooter,8,7,1,12,1,838,a+,51,pablo,10,7,3,8,2,755,a,24
2018-02-22T20:00:00+00:00,2.2.2,gachi,standard,asari,manta,320,bravo,FALSE,rapid,7,4,3,7,3,909,a,42,maneuver_collabo,22,21,1,4,6,1745,a+,75,nzap85,7,3,4,8,1,707,a-,69,momiji,7,4,3,5,3,1030,a+,85,nzap89,7,6,1,8,3,960,a-,39,splatroller,12,10,2,8,3,1012,a+,74,prime_collabo,5,2,3,6,6,1391,a+,77,pablo,7,5,2,11,2,605,a,36
2018-02-22T20:00:00+00:00,2.2.2,regular,standard,nawabari,ama,180,alpha,,bucketslosher,5,4,1,2,2,771,,70,sputtery_hue,7,5,2,2,4,1023,,56,bold,2,2,0,1,1,836,,82,sshooter,9,8,1,4,1,743,,58,96gal_deco,4,4,0,5,2,838,,72,liter4k,1,1,0,3,2,708,,80,sshooter,2,2,0,6,1,675,,43,carbon,2,2,0,5,1,562,,81
2018-02-22T20:00:00+00:00,2.2.2,gachi,standard,asari,manta,320,alpha,FALSE,nzap89,11,10,1,8,2,1014,a-,65,splatroller,12,11,1,8,5,1059,a,63,barrelspinner,1,0,1,3,3,625,a+,78,dualsweeper,9,5,4,7,3,1306,a-,50,barrelspinner_deco,9,8,1,5,1,1001,a+,60,wakaba,7,0,7,8,5,1151,a,55,splatroller,10,10,0,7,2,688,a,79,sshooter_collabo,10,7,3,6,3,970,a-,55
2018-02-22T20:00:00+00:00,2.2.2,gachi,standard,asari,zatou,254,bravo,TRUE,soytuber,8,6,2,2,4,867,s,67,parashelter,7,6,1,13,1,785,s,108,nzap85,5,4,1,6,2,904,s,79,sputtery,6,5,1,8,0,779,s,64,parashelter,5,5,0,6,2,978,s,83,nzap85,7,3,4,6,2,926,s,90,hotblaster,17,10,7,5,2,783,s,74,screwslosher_neo,12,11,1,4,2,807,s,68
2018-02-22T20:00:00+00:00,2.2.2,gachi,standard,asari,manta,313,bravo,FALSE,herospinner_replica,16,13,3,5,2,1361,s+,119,nzap85,6,5,1,11,3,1171,s+,73,prime_collabo,6,4,2,8,1,621,s+,101,pablo,11,5,6,3,3,936,s+,71,bold,2,1,1,10,2,892,s+,106,hissen,18,13,5,8,2,1063,s+,79,maneuver,10,10,0,7,3,1023,s+,69,prime,6,2,4,4,4,1031,s+,62
2018-02-22T20:00:00+00:00,2.2.2,regular,standard,nawabari,bbass,180,bravo,,bucketslosher,1,1,0,2,2,754,,70,bold,5,4,1,4,2,836,,82,campingshelter,4,3,1,4,1,706,,38,liter4k,4,4,0,3,1,608,,80,sputtery_hue,2,2,0,1,4,1162,,56,sputtery_hue,3,3,0,5,2,765,,72,heroroller_replica,5,5,0,3,2,706,,50,splatcharger,3,3,0,3,2,666,,81
2018-02-22T20:00:00+00:00,2.2.2,gachi,standard,asari,zatou,277,bravo,TRUE,sshooter,11,9,2,7,3,1104,a+,93,sshooter,6,4,2,8,1,678,a+,37,promodeler_mg,6,4,2,9,2,939,a+,85,heroroller_replica,9,8,1,5,1,823,a,61,bold,9,9,0,6,3,1144,a,66,splatroller,8,5,3,5,2,950,a-,43,nzap85,14,13,1,8,1,666,a-,40,sshooter,5,2,3,7,2,1034,a,43
2018-02-22T20:00:00+00:00,2.2.2,gachi,standard,asari,zatou,320,alpha,FALSE,rapid,15,12,3,6,4,1350,a,42,nzap85,9,6,3,8,1,816,a+,30,prime_collabo,10,6,4,6,2,907,a+,63,wakaba,10,5,5,3,6,1504,a,67,splatroller,8,5,3,9,0,770,a-,72,prime_collabo,6,4,2,3,5,1643,a+,77,promodeler_mg,10,8,2,7,6,1443,a-,94,pablo,9,6,3,10,1,765,a,36
2018-02-22T20:00:00+00:00,2.2.2,gachi,standard,asari,manta,309,bravo,FALSE,nzap89,8,7,1,9,1,812,a-,65,barrelspinner_deco,5,4,1,8,1,850,a+,60,sshooter_collabo,13,10,3,7,0,757,a+,22,dynamo,8,6,2,7,3,862,a+,21,prime_collabo,12,10,2,6,2,1043,a,29,heroshooter_replica,9,8,1,9,2,761,a+,73,wakaba,15,8,7,6,4,1238,a+,58,screwslosher,8,4,4,7,0,603,a,17
2018-02-22T20:00:00+00:00,2.2.2,regular,standard,nawabari,bbass,180,alpha,,bucketslosher,4,3,1,3,3,789,,70,sputtery_hue,2,2,0,4,3,1107,,72,liter4k,5,5,0,1,2,633,,80,splatcharger,4,4,0,1,2,610,,81,bold,4,4,0,2,1,864,,66,maneuver,0,0,0,3,2,837,,52,jetsweeper,2,2,0,3,2,690,,84,maneuver,3,3,0,6,1,486,,69
2018-02-22T20:00:00+00:00,2.2.2,gachi,standard,asari,zatou,311,alpha,FALSE,sshooter,7,7,0,7,2,1155,a+,93,maneuver_collabo,9,7,2,5,2,1134,a+,48,sshooter_collabo,10,9,1,7,2,1039,a+,61,prime,8,7,1,5,4,1118,a+,87,splatcharger,5,5,0,6,2,948,a-,48,nzap85,11,10,1,8,4,1223,a+,73,sshooter,6,5,1,8,1,1036,a+,71,parashelter,7,4,3,8,3,1258,a,50
2018-02-22T20:00:00+00:00,2.2.2,gachi,standard,asari,zatou,320,bravo,FALSE,herospinner_replica,13,9,4,5,5,1211,s+,119,screwslosher_neo,7,5,2,7,3,1042,s+,43,prime,12,7,5,6,4,789,s+,96,pablo,5,3,2,7,1,822,s+,74,dynamo,10,9,1,5,3,837,s+,68,herobrush_replica,12,9,3,6,1,579,s+,52,momiji,5,4,1,8,5,1426,s+,110,nzap89,4,3,1,5,1,0,s+,54
2018-02-22T20:00:00+00:00,2.2.2,gachi,standard,asari,zatou,295,alpha,TRUE,rapid,14,8,6,3,4,1123,a,42,hokusai,12,10,2,10,1,534,a-,73,nzap89,4,2,2,7,2,878,a-,45,splatroller,20,15,5,7,2,874,a+,50,sshooter,10,10,0,11,0,809,a,46,pablo,8,6,2,8,1,509,a,64,jetsweeper_custom,7,6,1,11,2,683,a-,67,bold,6,5,1,5,3,1246,a-,48
2018-02-22T20:00:00+00:00,2.2.2,regular,standard,nawabari,ama,180,bravo,,bucketslosher,2,1,1,5,2,662,,70,maneuver,2,2,0,4,3,806,,52,sputtery_hue,3,3,0,8,1,708,,72,barrelspinner,2,2,0,6,1,673,,74,heroroller_replica,10,9,1,1,4,910,,108,maneuver,9,9,0,2,2,778,,69,liter4k,2,0,2,4,2,757,,80,splatcharger,5,5,0,2,2,600,,76
2018-02-22T20:00:00+00:00,2.2.2,gachi,standard,asari,zatou,290,alpha,TRUE,nzap89,15,10,5,8,2,1035,a-,65,hotblaster,11,8,3,8,2,770,a+,73,hokusai_hue,8,7,1,8,2,724,a,42,nzap89,7,6,1,10,0,683,a-,22,nzap85,9,7,2,12,1,862,a,37,barrelspinner_deco,14,7,7,4,2,926,a+,61,hotblaster,9,7,2,9,1,702,a+,63,splatroller,13,13,0,6,1,959,a+,82
2018-02-22T20:00:00+00:00,2.2.2,gachi,standard,asari,manta,185,alpha,TRUE,sshooter,3,3,0,3,1,592,a+,93,nzap85,7,2,5,2,2,747,a+,64,pablo,7,6,1,2,2,690,a,64,wakaba,5,3,2,3,2,630,a+,104,heroshooter_replica,0,0,0,0,0,0,a+,58,carbon,5,4,1,5,2,654,a-,61,sputtery_hue,4,0,4,5,2,857,a+,63,bold,6,6,0,4,1,978,a+,67
2018-02-22T20:00:00+00:00,2.2.2,regular,standard,nawabari,ama,180,bravo,,bucketslosher,3,2,1,3,2,730,,70,sputtery_hue,7,4,3,4,2,988,,72,maneuver,7,5,2,2,3,936,,52,heroroller_replica,3,2,1,5,1,695,,108,splatcharger,2,1,1,2,2,1040,,39,sputtery,3,3,0,5,2,995,,119,hissen,9,6,3,4,2,710,,94,maneuver,5,4,1,5,1,609,,69
2018-02-22T20:00:00+00:00,2.2.2,gachi,standard,asari,manta,303,alpha,FALSE,barrelspinner_deco,12,10,2,4,4,1015,s+,119,prime_collabo,15,12,3,8,3,728,s+,108,nzap85,11,3,8,8,5,1154,s+,60,hissen,13,6,7,7,4,872,s+,71,hokusai_hue,6,4,2,7,3,891,s+,51,splatroller,17,16,1,8,3,1005,s+,74,nzap85,4,1,3,10,1,857,s+,48,jetsweeper_custom,6,5,1,6,4,873,s+,96
2018-02-22T20:00:00+00:00,2.2.2,gachi,standard,asari,zatou,320,alpha,FALSE,nzap89,6,5,1,8,1,889,a-,65,nzap85,18,13,5,7,1,1270,a,37,hotblaster,16,10,6,8,1,638,a+,73,hissen,16,12,4,9,1,844,a-,51,pablo,4,4,0,11,1,622,a-,34,soytuber,3,2,1,7,3,813,a-,22,sshooter,14,13,1,10,1,1165,a+,36,splatroller,14,13,1,12,1,995,a+,82
2018-02-22T20:00:00+00:00,2.2.2,gachi,standard,asari,manta,300,bravo,FALSE,rapid,11,8,3,5,4,1202,a,42,bold,10,7,3,6,5,1316,a+,66,dynamo_tesla,6,5,1,7,1,477,a-,44,splatcharger,4,2,2,7,2,760,a-,59,splatroller,6,5,1,6,1,890,a,79,bold,6,6,0,5,4,1154,a,93,dynamo,10,8,2,6,1,736,a+,90,dualsweeper,6,6,0,7,3,1150,a+,51
2018-02-22T20:00:00+00:00,2.2.2,regular,standard,nawabari,bbass,180,alpha,,bucketslosher,8,6,2,3,1,622,,70,splatcharger,5,3,2,2,2,932,,39,heroroller_replica,7,6,1,3,3,768,,108,splatscope,3,2,1,2,1,522,,69,screwslosher,3,3,0,3,2,797,,33,maneuver,7,5,2,4,2,756,,52,sputtery_hue,2,1,1,7,1,640,,72,sputtery,1,1,0,3,1,532,,119
2018-02-22T20:00:00+00:00,2.2.2,gachi,squad_4,area,mozuku,224,alpha,TRUE,prime_collabo,6,4,2,5,3,802,s+,91,splatcharger_collabo,4,4,0,3,1,734,s+,76,sshooter,19,16,3,3,4,1167,s+,84,screwslosher_neo,11,7,4,5,3,923,s+,64,prime_collabo,3,3,0,8,2,887,s,66,splatroller,9,8,1,8,3,808,s+,70,nzap85,1,0,1,9,2,750,s,80,dualsweeper,5,5,0,6,5,1191,s,38
2018-02-22T20:00:00+00:00,2.2.2,gachi,standard,asari,manta,320,alpha,FALSE,sshooter,8,6,2,6,2,1079,s,93,sshooter,7,4,3,5,1,951,s,80,nova,11,10,1,3,3,906,s,59,hokusai_hue,9,8,1,7,4,1122,s,54,nzap89,7,3,4,7,4,1080,s,74,prime_collabo,9,7,2,7,1,1053,s,79,heroblaster_replica,6,5,1,7,2,947,s,49,sputtery_hue,7,6,1,7,2,772,s,68
2018-02-22T20:00:00+00:00,2.2.2,gachi,standard,asari,zatou,187,bravo,TRUE,barrelspinner_deco,6,5,1,7,1,654,s+,119,pablo,3,3,0,2,2,869,s+,74,heroroller_replica,4,4,0,6,1,634,s+,43,parashelter,2,1,1,6,1,583,s+,48,hokusai_hue,7,6,1,4,2,530,s+,51,splatroller,7,5,2,4,1,711,s+,74,bold,5,4,1,3,3,1003,s+,79,barrelspinner,8,6,2,2,2,827,s+,94
2018-02-22T20:00:00+00:00,2.2.2,gachi,standard,asari,manta,309,alpha,FALSE,nzap89,12,9,3,6,2,1007,a-,65,bold,9,7,2,5,3,1388,a+,72,barrelspinner,8,5,3,5,2,756,a+,75,hissen,7,5,2,8,2,961,a-,51,hotblaster,9,6,3,7,4,858,a+,73,hissen,13,11,2,5,4,835,a+,52,parashelter,7,3,4,8,4,1240,a-,31,dualsweeper,8,3,5,8,4,1130,a+,51
2018-02-22T20:00:00+00:00,2.2.2,gachi,standard,asari,zatou,300,alpha,FALSE,rapid,7,5,2,6,3,1186,a,42,nzap85,13,5,8,8,2,911,a+,73,bamboo14mk1,7,6,1,7,3,1032,a+,71,splatroller,14,13,1,8,1,810,a,65,splatroller,8,7,1,6,0,1021,a+,60,hissen,10,7,3,7,2,707,a,57,prime,10,9,1,7,3,1013,a+,59,nzap89,6,5,1,9,2,1100,a+,71
2018-02-22T20:00:00+00:00,2.2.2,regular,standard,nawabari,ama,180,bravo,,bucketslosher,4,3,1,4,2,751,,70,maneuver_collabo,1,1,0,5,2,814,,33,sputtery_hue,2,1,1,7,2,769,,72,maneuver,3,3,0,5,2,767,,52,maneuver,7,5,2,0,4,1085,,32,splatcharger,7,5,2,2,2,897,,39,heroroller_replica,7,7,0,3,2,830,,108,maneuver_collabo,4,4,0,3,0,702,,70
2018-02-22T20:00:00+00:00,2.2.2,gachi,squad_4,area,mozuku,309,alpha,FALSE,prime_collabo,11,10,1,7,5,1374,s+,91,splatcharger_collabo,4,4,0,10,2,977,s+,76,sshooter,13,12,1,8,5,1384,s+,84,screwslosher_neo,6,4,2,11,2,876,s+,64,jetsweeper_custom,15,13,2,8,2,1163,s+,73,rapid,12,6,6,10,3,1036,s+,74,barrelspinner_deco,6,6,0,7,5,1149,s+,119,splatroller,15,11,4,5,4,1269,s+,84
2018-02-22T20:00:00+00:00,2.2.2,gachi,standard,asari,zatou,300,alpha,FALSE,sshooter,11,9,2,7,1,943,s,93,splatroller,16,12,4,7,2,1027,s,42,sshooter,12,9,3,6,2,770,s,76,bamboo14mk1,12,9,3,4,4,1183,s,91,sputtery_hue,12,9,3,9,2,832,s,68,nzap89,7,5,2,11,3,1007,s,74,hissen,8,5,3,11,1,732,s,65,heroshooter_replica,7,5,2,8,3,1214,s,64
2018-02-22T20:00:00+00:00,2.2.2,regular,standard,nawabari,ama,180,bravo,,bucketslosher,5,4,1,5,2,702,,70,maneuver,5,5,0,2,4,1097,,52,liter4k_scope,3,1,2,1,4,1012,,33,l3reelgun_d,3,1,2,5,1,472,,70,wakaba,5,3,2,1,4,1146,,65,nzap89,4,2,2,1,3,918,,72,nzap85,8,6,2,3,2,673,,82,splatcharger,3,2,1,6,1,667,,39
2018-02-22T20:00:00+00:00,2.2.2,gachi,standard,asari,zatou,305,bravo,FALSE,hydra,15,14,1,4,3,869,s+,119,heroroller_replica,6,5,1,11,1,573,s+,89,heromaneuver_replica,10,5,5,6,6,1283,s+,110,dualsweeper,10,8,2,8,4,1117,s+,86,hotblaster,14,4,10,8,1,676,s+,96,splatroller_collabo,13,13,0,10,0,566,s+,60,campingshelter,9,5,4,7,4,1221,s+,66,sputtery,9,7,2,7,4,1157,s+,86
2018-02-22T20:00:00+00:00,2.2.2,gachi,standard,asari,manta,318,alpha,FALSE,nzap89,9,8,1,7,1,890,a-,65,splatscope,9,7,2,5,4,1059,a,72,prime_collabo,12,9,3,4,1,1139,a+,77,splatroller,10,10,0,6,1,761,a+,48,hissen,9,5,4,9,4,1089,a-,51,longblaster,10,8,2,10,2,884,a,64,nzap89,6,6,0,9,5,1112,a-,31,splatcharger_collabo,3,2,1,7,0,550,a+,79
2018-02-22T20:00:00+00:00,2.2.2,gachi,standard,asari,zatou,300,bravo,FALSE,rapid,12,11,1,5,3,1090,a,42,bold,11,8,3,10,3,1407,a,93,sshooter_collabo,6,4,2,10,0,822,a,41,bold,8,5,3,9,1,816,a+,60,carbon,14,10,4,7,4,1023,a+,63,splatroller,10,9,1,8,1,854,a,31,bold,8,8,0,8,3,1072,a,57,splatcharger,7,7,0,5,2,1040,a,37
2018-02-22T20:00:00+00:00,2.2.2,regular,standard,nawabari,bbass,180,bravo,,bucketslosher,1,1,0,5,1,602,,70,nzap89,4,3,1,6,2,932,,72,dynamo_tesla,7,7,0,3,2,685,,33,sshooter_collabo,2,0,2,5,1,609,,70,maneuver,6,6,0,2,2,923,,52,wakaba,6,4,2,1,3,774,,70,dynamo_tesla,4,4,0,3,2,773,,39,splatroller,5,5,0,5,1,506,,59
2018-02-22T20:00:00+00:00,2.2.2,gachi,squad_4,area,tachiuo,97,bravo,TRUE,prime_collabo,2,2,0,3,1,428,s+,91,sshooter,0,0,0,3,1,249,s+,84,splatcharger_collabo,0,0,0,4,1,346,s+,76,rapid,1,1,0,4,0,216,s+,65,dynamo,6,5,1,1,0,306,s+,102,prime,5,2,3,2,0,252,s+,119,hissen,5,4,1,0,1,295,s+,74,heroblaster_replica,5,2,3,0,1,391,s+,97
2018-02-22T20:00:00+00:00,2.2.2,gachi,standard,asari,manta,320,alpha,FALSE,hydra,8,7,1,7,2,712,s+,119,hokusai_hue,11,9,2,7,3,923,s+,98,dualsweeper,10,6,4,4,6,1240,s+,90,nzap85,7,3,4,4,6,1316,s+,81,wakaba,12,10,2,6,4,1299,s+,103,dualsweeper,6,3,3,8,4,1289,s+,86,pablo,5,4,1,5,5,1242,s+,74,hydra,9,5,4,7,0,560,s+,81
2018-02-22T20:00:00+00:00,2.2.2,gachi,standard,asari,manta,235,alpha,TRUE,rapid,5,3,2,3,3,864,a,42,bold,8,6,2,5,2,940,a+,60,nzap89,3,3,0,5,4,991,a-,152,hotblaster,5,5,0,5,1,592,a+,79,bold,8,7,1,3,4,971,a,57,prime_collabo,5,2,3,4,2,739,a+,47,promodeler_mg,4,3,1,5,4,965,a-,69,splatroller,6,6,0,6,2,476,a-,61
2018-02-22T20:00:00+00:00,2.2.2,regular,standard,nawabari,ama,180,alpha,,bucketslosher,8,5,3,2,2,728,,70,splatscope,6,6,0,2,1,804,,39,sshooter_collabo,9,5,4,2,1,707,,70,maneuver,7,5,2,2,2,638,,52,splatroller,4,4,0,4,2,890,,33,hotblaster,2,2,0,7,0,622,,74,splatroller,2,2,0,3,1,515,,70,hissen,1,0,1,7,0,415,,34
2018-02-22T20:00:00+00:00,2.2.2,gachi,squad_4,area,tachiuo,160,alpha,TRUE,nzap85,6,2,4,2,2,670,s+,91,prime_collabo,9,5,4,3,0,453,s+,76,heroroller_replica,11,11,0,2,2,572,s+,84,dualsweeper,6,3,3,1,3,764,s+,65,l3reelgun,1,1,0,5,2,580,a+,51,wakaba,3,2,1,5,2,525,s+,73,bamboo14mk1,1,1,0,5,2,505,s+,67,sharp,4,4,0,6,0,410,s+,71
2018-02-22T20:00:00+00:00,2.2.2,regular,standard,nawabari,ama,180,bravo,,bucketslosher,1,1,0,3,3,874,,70,splatroller,5,5,0,6,1,771,,59,hissen,1,1,0,8,1,510,,34,dynamo_tesla,1,1,0,5,1,495,,73,splatcharger,10,9,1,0,2,1029,,39,maneuver,5,5,0,0,3,881,,52,maneuver,6,5,1,4,1,582,,70,longblaster,3,3,0,4,1,552,,33
2018-02-22T20:00:00+00:00,2.2.2,gachi,standard,asari,zatou,168,bravo,TRUE,hydra,7,6,1,5,0,404,s+,119,herobrush_replica,5,4,1,2,1,555,s+,66,maneuver,6,5,1,5,0,472,s+,69,nzap85,7,3,4,2,2,620,s+,81,wakaba,4,3,1,5,1,625,s+,103,splatroller_collabo,4,4,0,5,0,334,s+,60,hokusai_hue,2,2,0,5,2,550,s+,98,screwslosher,5,5,0,3,1,572,s+,133
2018-02-22T20:00:00+00:00,2.2.2,gachi,squad_4,area,mozuku,85,alpha,TRUE,nzap85,4,0,4,2,1,347,s+,91,prime_collabo,3,2,1,1,0,372,s+,76,heroroller_replica,7,7,0,0,1,314,s+,84,dualsweeper,6,6,0,1,1,516,s+,65,sshooter_collabo,0,0,0,4,0,259,a,65,jetsweeper,2,1,1,3,2,424,s+,65,rapid_elite,1,1,0,4,0,253,a+,63,heroroller_replica,2,2,0,4,0,270,s+,73
2018-02-22T20:00:00+00:00,2.2.2,gachi,standard,asari,zatou,119,alpha,TRUE,rapid,2,1,1,2,2,579,a,42,bold,6,3,3,2,1,435,a+,60,sputtery_hue,10,9,1,2,1,478,a,47,splatroller,2,1,1,2,0,297,a,62,sputtery_hue,0,0,0,3,2,636,a+,41,splatroller,1,1,0,2,0,183,a-,68,sputtery,4,4,0,4,0,275,a,43,sshooter,3,3,0,5,0,376,a-,59
2018-02-22T20:00:00+00:00,2.2.2,gachi,squad_4,area,tachiuo,93,alpha,TRUE,nzap85,5,2,3,2,1,311,s+,91,prime_collabo,4,4,0,3,0,299,s+,76,heroroller_replica,3,3,0,3,0,273,s+,85,dualsweeper,5,3,2,1,2,464,s+,65,sputtery_hue,3,2,1,4,1,406,s+,78,heroblaster_replica,3,2,1,4,0,214,s+,95,splatscope_collabo,0,0,0,0,0,0,s,66,bucketslosher,5,5,0,4,1,391,s,42
2018-02-22T20:00:00+00:00,2.2.2,regular,standard,nawabari,ama,180,alpha,,bucketslosher,4,4,0,1,3,839,,70,maneuver,6,4,2,2,4,944,,52,dualsweeper,9,8,1,3,2,823,,114,squiclean_a,3,2,1,5,1,597,,73,splatcharger_collabo,5,5,0,4,2,1047,,33,heromaneuver_replica,2,2,0,5,3,908,,59,maneuver,3,2,1,4,1,736,,70,clashblaster,2,2,0,6,0,325,,38
2018-02-22T20:00:00+00:00,2.2.2,gachi,standard,asari,zatou,76,alpha,TRUE,rapid,1,0,1,1,1,309,a,42,promodeler_mg,2,2,0,2,0,323,a,85,screwslosher_neo,2,2,0,1,1,358,a-,79,barrelspinner_deco,1,1,0,2,0,132,a-,42,bold,3,3,0,2,0,364,a+,47,maneuver,1,1,0,1,0,183,a+,58,hydra,1,1,0,1,1,246,a-,35,hydra,1,1,0,1,0,235,a,75
2018-02-22T20:00:00+00:00,2.2.2,gachi,standard,asari,manta,320,alpha,FALSE,hydra,16,14,2,2,3,965,s+,119,jetsweeper,7,5,2,5,4,1086,s+,57,nzap89,8,5,3,6,3,810,s+,61,nzap85,10,5,5,8,4,1334,s+,60,nzap85,7,4,3,10,4,1036,s+,92,nzap89,10,8,2,6,5,1159,s+,51,wakaba,9,6,3,4,4,1236,s+,47,longblaster,5,2,3,9,1,723,s+,86
2018-02-22T20:00:00+00:00,2.2.2,gachi,squad_4,area,mozuku,89,alpha,TRUE,nzap85,3,1,2,1,1,507,s+,91,prime_collabo,3,2,1,2,0,309,s+,76,heroroller_replica,1,1,0,4,0,245,s+,85,dualsweeper,7,6,1,0,1,526,s+,65,screwslosher,3,3,0,2,1,329,s+,36,jetsweeper,5,4,1,2,2,369,s,32,hokusai_hue,0,0,0,4,0,262,a-,31,nzap89,0,0,0,2,2,468,s+,51
2018-02-22T20:00:00+00:00,2.2.2,regular,standard,nawabari,bbass,180,alpha,,bucketslosher,4,4,0,1,4,918,,70,dualsweeper,7,5,2,2,3,866,,114,hokusai_hue,4,2,2,4,2,573,,46,sshooter_collabo,1,1,0,4,0,420,,38,maneuver,4,4,0,2,3,945,,52,heromaneuver_replica,3,2,1,5,2,674,,59,longblaster,5,3,2,2,2,566,,73,maneuver,3,2,1,3,1,494,,70
2018-02-22T20:00:00+00:00,2.2.2,gachi,standard,asari,manta,300,alpha,FALSE,hydra,13,9,4,5,1,633,s+,119,splatroller,12,12,0,5,1,958,s+,90,dualsweeper,7,3,4,5,6,1148,s+,70,sshooter_collabo,10,6,4,5,2,871,s+,40,heroroller_replica,5,4,1,9,2,819,s+,81,dualsweeper,6,5,1,7,5,1192,s+,86,hokusai,9,8,1,7,1,511,s+,48,prime_collabo,4,2,2,7,3,727,s+,50
2018-02-22T20:00:00+00:00,2.2.2,regular,standard,nawabari,bbass,180,bravo,,bucketslosher,2,1,1,1,4,877,,70,maneuver_collabo,8,7,1,5,3,838,,86,maneuver,4,3,1,4,2,706,,52,carbon,2,2,0,5,2,690,,46,bucketslosher_deco,8,8,0,3,2,1154,,75,sputtery_hue,3,3,0,4,2,853,,59,maneuver,0,0,0,2,2,699,,70,hotblaster,6,4,2,4,0,414,,73
2018-02-22T20:00:00+00:00,2.2.2,gachi,squad_4,area,mozuku,101,alpha,TRUE,nzap85,4,3,1,2,2,492,s+,91,prime_collabo,2,2,0,3,0,271,s+,76,heroroller_replica,8,6,2,2,0,319,s+,85,dualsweeper,4,3,1,2,1,365,s+,65,sputtery_hue,3,3,0,4,0,429,s+,78,heroblaster_replica,4,4,0,4,1,406,s+,95,splatscope_collabo,1,1,0,1,0,0,s,66,bamboo14mk1,1,1,0,5,1,327,s,42
2018-02-22T20:00:00+00:00,2.2.2,regular,standard,nawabari,bbass,180,bravo,,bucketslosher,4,4,0,5,2,778,,70,nzap89,3,1,2,3,3,885,,62,campingshelter,0,0,0,2,0,682,,50,splatcharger,2,2,0,5,1,483,,70,promodeler_rg,2,1,1,1,4,952,,59,sshooter_collabo,7,6,1,2,3,950,,44,splatscope,6,5,1,1,2,701,,73,sshooter,4,3,1,3,0,683,,79
2018-02-22T20:00:00+00:00,2.2.2,gachi,standard,asari,zatou,300,bravo,FALSE,rapid,10,7,3,6,4,1025,a,42,nzap85,6,4,2,6,2,881,a+,70,splatroller,9,7,2,8,2,864,a-,49,momiji,8,6,2,7,2,1009,a,66,96gal_deco,10,10,0,6,2,909,a+,36,screwslosher,9,8,1,3,4,1106,a+,79,sputtery,5,3,2,10,1,755,a-,50,splatcharger,8,6,2,5,2,789,a+,94
2018-02-22T20:00:00+00:00,2.2.2,gachi,standard,asari,zatou,300,bravo,FALSE,hydra,6,4,2,7,1,809,s+,119,dualsweeper,5,2,3,7,3,1171,s+,86,heroroller_replica,14,14,0,8,2,881,s+,81,splatroller,11,9,2,6,3,867,s+,106,dualsweeper,6,3,3,2,6,1245,s+,70,splatroller,9,6,3,9,3,989,s+,90,maneuver_collabo,15,11,4,8,1,1115,s+,38,herobrush_replica,12,8,4,10,2,575,s+,97
2018-02-22T20:00:00+00:00,2.2.2,regular,standard,nawabari,bbass,180,bravo,,bucketslosher,6,4,2,1,3,818,,70,herocharger_replica,4,3,1,0,2,766,,62,barrelspinner_deco,3,2,1,0,1,600,,93,hokusai,6,6,0,5,0,470,,70,momiji,2,0,2,4,2,850,,73,bold,0,0,0,3,0,804,,87,sshooter,5,4,1,4,2,752,,66,pablo,3,2,1,4,0,557,,45
2018-02-22T20:00:00+00:00,2.2.2,gachi,squad_4,area,mozuku,282,alpha,TRUE,nzap85,13,4,9,5,4,1081,s+,91,prime_collabo,12,9,3,8,1,749,s+,77,heroroller_replica,21,18,3,4,3,885,s+,85,dualsweeper,11,11,0,4,4,1221,s+,65,sputtery_hue,8,8,0,15,1,780,s+,78,clashblaster,9,6,3,11,0,588,a+,56,splatscope_collabo,2,2,0,7,6,1380,s,66,hydra,6,5,1,9,2,649,s,42
2018-02-22T20:00:00+00:00,2.2.2,regular,standard,nawabari,ama,180,bravo,,splatspinner,2,0,2,4,3,752,,92,splatspinner,5,3,2,4,3,806,,79,sputtery,5,5,0,5,1,715,,85,heromaneuver_replica,6,3,3,7,0,576,,64,nzap85,15,9,6,1,4,1207,,80,maneuver_collabo,10,6,4,3,3,1003,,101,campingshelter,5,3,2,4,1,536,,95,splatcharger,2,2,0,3,1,332,,71
2018-02-22T20:00:00+00:00,2.2.2,gachi,standard,asari,manta,169,alpha,TRUE,hydra,3,3,0,3,1,319,s+,119,dynamo_tesla,7,5,2,1,2,540,s+,98,nzap85,5,4,1,1,2,609,s+,72,herobrush_replica,6,5,1,4,1,579,s+,97,dualsweeper,1,0,1,5,3,739,s+,86,pablo_hue,3,2,1,5,0,326,s+,76,96gal_deco,5,4,1,4,0,446,s+,81,pablo,3,3,0,3,1,0,s+,51
2018-02-22T20:00:00+00:00,2.2.2,regular,standard,nawabari,ama,180,bravo,,bucketslosher,2,1,1,2,3,840,,70,variableroller_foil,8,6,2,2,2,749,,62,herocharger_replica,5,5,0,0,3,702,,45,barrelspinner_deco,2,2,0,1,2,554,,93,nzap85,1,1,0,2,3,978,,66,bold,0,0,0,4,2,965,,87,screwslosher,5,4,1,3,2,795,,89,pablo,0,0,0,5,0,337,,70
2018-02-22T20:00:00+00:00,2.2.2,gachi,standard,asari,manta,300,alpha,FALSE,rapid,7,4,3,3,4,1045,a,42,nzap89,11,9,2,4,3,780,a-,32,sshooter,11,10,1,9,1,757,a,77,maneuver_collabo,9,8,1,5,0,721,a,38,sshooter_collabo,10,9,1,6,2,1060,a-,55,maneuver,8,6,2,6,3,1025,a,57,splatroller,5,3,2,8,3,653,a,30,splatscope,3,3,0,11,0,449,a-,63
2018-02-22T20:00:00+00:00,2.2.2,regular,standard,nawabari,ama,180,bravo,,splatspinner,4,2,2,1,3,805,,92,bold,8,7,1,3,2,1074,,35,nzap85,10,7,3,3,2,885,,80,splatroller_collabo,3,3,0,5,0,298,,69,sputtery,4,4,0,2,3,1148,,85,maneuver_collabo,4,3,1,5,0,780,,50,campingshelter,6,4,2,4,1,663,,95,heromaneuver_replica,2,1,1,8,0,444,,64
2018-02-22T20:00:00+00:00,2.2.2,gachi,standard,asari,manta,313,alpha,FALSE,hydra,11,10,1,7,2,571,s+,119,dynamo_tesla,17,9,8,6,4,852,s+,98,prime,19,10,9,6,3,993,s+,86,promodeler_mg,6,4,2,8,3,1023,s+,79,96gal_deco,15,10,5,7,3,1032,s+,81,pablo_hue,5,4,1,8,2,482,s+,76,longblaster,6,4,2,10,1,879,s+,79,splatroller,7,7,0,8,1,906,s+,72
2018-02-22T20:00:00+00:00,2.2.2,regular,standard,nawabari,bbass,180,alpha,,bucketslosher,5,2,3,0,3,767,,70,liter4k_scope,7,6,1,3,2,725,,66,herocharger_replica,9,8,1,1,2,648,,45,variableroller_foil,5,3,2,1,2,556,,62,bamboo14mk1,1,1,0,2,3,851,,93,heroshooter_replica,3,3,0,6,1,775,,47,bold,1,1,0,7,0,602,,87,maneuver,0,0,0,4,0,296,,70
2018-02-22T20:00:00+00:00,2.2.2,gachi,squad_4,area,tachiuo,289,bravo,TRUE,nzap85,12,8,4,7,4,1137,s+,91,prime_collabo,3,3,0,7,4,911,s+,77,heroroller_replica,4,4,0,9,2,756,s+,85,dualsweeper,5,3,2,5,6,1499,s+,65,parashelter,12,7,5,1,6,1439,s+,81,screwslosher_neo,13,8,5,4,4,888,s+,72,sshooter,8,7,1,6,0,1104,s+,73,maneuver_collabo,7,6,1,7,2,894,s+,62
2018-02-22T20:00:00+00:00,2.2.2,gachi,standard,asari,zatou,320,alpha,FALSE,rapid,10,4,6,7,4,1216,a,42,pablo,9,7,2,10,1,751,a+,56,nzap89,13,9,4,6,3,917,a-,32,sshooter,10,8,2,12,1,910,a,77,sshooter_collabo,9,8,1,6,2,991,a-,55,52gal_deco,13,13,0,5,1,1310,a,54,clashblaster,8,6,2,8,1,583,a-,33,splatroller,12,8,4,9,1,935,a+,62
2018-02-22T20:00:00+00:00,2.2.2,regular,standard,nawabari,bbass,180,alpha,,splatspinner,3,2,1,4,2,709,,92,nzap85,8,6,2,5,2,1001,,80,bold,4,1,3,7,1,725,,35,sputtery,6,6,0,6,2,703,,85,nzap89,7,6,1,2,4,1029,,82,parashelter,9,8,1,4,2,860,,38,heromaneuver_replica,10,7,3,6,0,636,,64,campingshelter,3,1,2,3,1,493,,95
2018-02-22T20:00:00+00:00,2.2.2,regular,standard,nawabari,bbass,180,alpha,,bucketslosher,5,3,2,2,3,775,,70,promodeler_rg,2,2,0,4,1,871,,87,liter4k_scope,3,3,0,5,2,765,,66,bamboo14mk1,2,1,1,5,1,613,,93,hokusai,2,2,0,3,3,818,,29,liter4k_scope,5,4,1,1,2,691,,45,hotblaster,8,7,1,4,2,684,,47,nova,3,3,0,1,2,637,,70
2018-02-22T20:00:00+00:00,2.2.2,gachi,standard,asari,zatou,320,alpha,FALSE,hydra,10,5,5,5,2,768,s+,119,dynamo_tesla,14,11,3,8,4,1213,s+,118,hokusai_hue,12,11,1,8,4,1148,s+,44,96gal_deco,10,6,4,8,2,928,s+,81,herocharger_replica,9,8,1,5,2,817,s+,72,pablo_hue,9,7,2,8,1,603,s+,76,promodeler_mg,14,13,1,9,5,1757,s+,86,dynamo_tesla,6,1,5,11,2,944,s+,39
2018-02-22T20:00:00+00:00,2.2.2,regular,standard,nawabari,bbass,180,bravo,,splatspinner,2,2,0,1,3,870,,92,dualsweeper,4,2,2,4,3,793,,35,nzap89,4,2,2,5,1,657,,82,sshooter_collabo,3,3,0,6,0,559,,95,nzap85,9,8,1,1,3,1018,,80,dualsweeper,3,1,2,3,3,847,,50,sputtery,2,1,1,2,2,745,,85,heromaneuver_replica,6,6,0,3,2,612,,64
2018-02-22T20:00:00+00:00,2.2.2,gachi,squad_4,area,tachiuo,254,alpha,TRUE,nzap85,13,8,5,4,4,1023,s+,91,prime_collabo,13,9,4,5,1,707,s+,77,hokusai,15,11,4,6,1,729,s+,85,dualsweeper,6,5,1,4,3,1021,s+,65,sputtery,5,4,1,8,4,974,s+,76,herobrush_replica,7,6,1,9,0,713,s+,51,hissen,7,4,3,9,3,641,s+,70,herocharger_replica,6,4,2,8,0,566,s+,65
2018-02-22T20:00:00+00:00,2.2.2,gachi,standard,asari,manta,327,alpha,FALSE,rapid,8,4,4,6,3,1082,a+,42,sputtery,5,5,0,5,2,909,a+,65,nzap89,6,4,2,5,2,721,a+,46,splatroller,9,8,1,7,1,806,a+,62,nzap89,6,5,1,4,5,915,a-,32,sputtery,13,8,5,5,1,612,a+,39,52gal_deco,8,7,1,6,0,1348,a,54,sharp,5,1,4,8,1,666,a-,42
2018-02-22T20:00:00+00:00,2.2.2,regular,standard,nawabari,ama,180,bravo,,bucketslosher,0,0,0,4,2,643,,70,sputtery_hue,1,1,0,5,2,842,,47,promodeler_rg,0,0,0,7,1,665,,87,hokusai,4,4,0,5,1,589,,29,nzap89,5,4,1,1,3,794,,93,hotblaster_custom,13,9,4,1,2,773,,66,splatroller,9,7,2,2,1,649,,66,liter4k_scope,2,1,1,2,2,646,,45
2018-02-22T20:00:00+00:00,2.2.2,regular,standard,nawabari,ama,180,alpha,,splatspinner,7,5,2,0,2,776,,92,splatspinner,9,8,1,2,2,861,,34,sputtery,4,2,2,3,1,717,,85,wakaba,6,3,3,5,2,577,,4,nzap85,3,2,1,4,2,868,,80,hissen,2,0,2,6,2,831,,25,heromaneuver_replica,5,5,0,7,1,653,,64,splatroller,3,3,0,1,1,398,,95
2018-02-22T20:00:00+00:00,2.2.2,regular,standard,nawabari,ama,180,bravo,,bucketslosher,4,4,0,1,4,878,,70,maneuver_collabo,10,8,2,5,3,913,,47,jetsweeper,2,1,1,2,3,653,,87,hokusai,3,2,1,2,1,0,,45,nzap89,3,2,1,4,2,956,,93,splatroller,5,5,0,5,1,709,,66,splatscope,1,1,0,4,1,663,,29,splatroller,3,2,1,2,1,502,,70
2018-02-22T20:00:00+00:00,2.2.2,gachi,squad_4,area,mozuku,225,alpha,TRUE,nzap85,9,3,6,4,4,1120,s+,91,prime_collabo,6,6,0,7,2,673,s+,77,hokusai,15,13,2,5,2,819,s+,85,dualsweeper,9,4,5,6,4,1172,s+,65,longblaster,8,6,2,6,3,897,s+,92,nzap85,8,7,1,8,2,909,s+,46,nzap89,5,5,0,7,4,1060,s+,92,prime_collabo,5,4,1,5,3,872,s+,78
2018-02-22T20:00:00+00:00,2.2.2,gachi,standard,asari,zatou,139,alpha,TRUE,hydra,6,5,1,1,2,482,s+,119,momiji,4,4,0,2,2,598,s+,64,pablo_hue,1,0,1,3,1,306,s+,61,nzap85,4,4,0,2,2,607,s+,49,hokusai,7,5,2,3,0,383,s+,49,nzap85,3,1,2,2,2,611,s+,70,rapid,2,1,1,3,1,436,s+,53,hotblaster_custom,1,1,0,5,1,346,s+,95
2018-02-22T20:00:00+00:00,2.2.2,gachi,standard,asari,manta,315,alpha,FALSE,rapid,7,6,1,3,3,876,a+,42,bold,6,5,1,8,2,947,a,40,sshooter,10,7,3,9,0,825,a,61,herocharger_replica,5,5,0,3,2,814,a,82,hokusai,8,8,0,9,2,867,a-,55,splatscope_collabo,2,2,0,4,1,652,a,66,longblaster,10,9,1,3,2,698,a,63,dualsweeper,3,3,0,7,6,1392,a,57
2018-02-22T20:00:00+00:00,2.2.2,regular,standard,nawabari,bbass,180,alpha,,splatspinner,3,3,0,2,2,713,,92,sputtery,6,6,0,1,3,1048,,85,nzap85,6,5,1,3,2,803,,80,hotblaster,8,7,1,4,2,645,,66,l3reelgun_d,0,0,0,9,2,847,,25,splatroller,6,6,0,4,1,729,,95,soytuber_custom,3,2,1,2,3,584,,72,heromaneuver_replica,3,2,1,6,1,500,,64
2018-02-22T20:00:00+00:00,2.2.2,gachi,standard,asari,zatou,274,alpha,TRUE,hydra,12,12,0,5,2,747,s+,119,prime_collabo,10,10,0,6,2,888,s+,67,maneuver_collabo,6,3,3,6,2,855,s+,81,pablo_hue,9,5,4,6,4,870,s+,106,dualsweeper,12,5,7,8,2,798,s+,90,maneuver,6,1,5,7,2,911,s+,83,maneuver_collabo,11,11,0,6,3,799,s+,36,momiji,9,6,3,9,1,815,s+,64
2018-02-22T20:00:00+00:00,2.2.2,regular,standard,nawabari,bbass,180,alpha,,bucketslosher,3,0,3,2,3,778,,70,nzap89,3,2,1,1,3,931,,93,splatcharger_collabo,5,5,0,3,2,743,,63,splatcharger,10,9,1,2,2,647,,64,liter4k_scope,3,3,0,5,2,849,,66,jetsweeper_custom,2,1,1,5,1,707,,29,barrelspinner_deco,3,3,0,5,1,623,,47,splatroller,1,1,0,1,2,567,,70
2018-02-22T20:00:00+00:00,2.2.2,gachi,squad_4,area,tachiuo,148,alpha,TRUE,nzap85,10,7,3,2,3,715,s+,91,prime_collabo,7,6,1,3,1,438,s+,77,hokusai,6,5,1,4,0,456,s+,85,dualsweeper,2,1,1,1,3,704,s+,65,hissen,5,4,1,5,1,369,a+,63,52gal_deco,2,2,0,5,1,351,a,66,nzap85,2,0,2,5,1,525,s+,73,prime_collabo,3,3,0,4,2,667,s+,65
2018-02-22T20:00:00+00:00,2.2.2,regular,standard,nawabari,bbass,180,alpha,,splatspinner,0,0,0,3,2,662,,92,sputtery,8,7,1,1,3,872,,85,hokusai,3,3,0,2,2,667,,95,maneuver_collabo,6,5,1,5,1,661,,129,nzap85,7,6,1,4,2,836,,80,splatcharger_collabo,1,1,0,3,1,660,,101,variableroller,1,1,0,6,0,597,,25,soytuber_custom,3,3,0,2,2,495,,72
2018-02-22T20:00:00+00:00,2.2.2,gachi,standard,asari,manta,304,alpha,FALSE,rapid,7,7,0,5,2,904,a+,42,sputtery,10,10,0,6,3,778,a+,73,52gal,9,8,1,6,3,910,a+,29,carbon,7,5,2,5,2,621,a-,44,sputtery,7,4,3,9,1,496,a+,30,maneuver,7,5,2,8,2,916,a,59,heroroller_replica,9,8,1,6,2,729,a+,55,dualsweeper,5,4,1,8,0,809,a,60
2018-02-22T20:00:00+00:00,2.2.2,gachi,squad_4,area,tachiuo,307,bravo,FALSE,nzap85,13,8,5,9,4,1178,s+,91,prime_collabo,5,4,1,8,2,704,s+,77,hokusai,12,11,1,8,0,1045,s+,85,liter4k,7,7,0,6,5,985,s+,65,sshooter,10,9,1,9,2,876,s+,61,96gal,14,7,7,5,4,1341,s+,58,herobrush_replica,12,9,3,8,3,950,s+,80,wakaba,11,5,6,8,4,1099,s+,82
2018-02-22T20:00:00+00:00,2.2.2,regular,standard,nawabari,bbass,180,bravo,,splatspinner,6,4,2,3,2,586,,92,nzap85,7,4,3,3,2,814,,80,nzap85,10,7,3,3,2,747,,95,splatcharger_collabo,5,4,1,4,1,439,,101,sputtery,7,6,1,5,1,788,,85,heroroller_replica,3,3,0,5,2,762,,25,clashblaster,4,3,1,2,2,661,,71,sshooter,1,1,0,7,0,535,,128
2018-02-22T20:00:00+00:00,2.2.2,gachi,standard,asari,zatou,164,alpha,TRUE,rapid,1,1,0,4,1,587,a+,42,wakaba,3,3,0,4,2,636,a-,34,pablo,4,3,1,5,1,375,a,52,sshooter_collabo,4,4,0,5,0,434,a-,38,pablo,6,4,2,3,1,492,a-,34,carbon,3,2,1,4,2,535,a-,44,nzap89,12,12,0,4,2,804,a,94,maneuver_collabo,0,0,0,0,0,0,a,67
2018-02-22T20:00:00+00:00,2.2.2,regular,standard,nawabari,ama,180,bravo,,splatspinner,1,1,0,3,3,893,,92,carbon,0,0,0,5,2,776,,25,heroroller_replica,5,5,0,3,3,765,,80,sshooter,2,2,0,6,1,685,,128,sputtery,6,6,0,2,2,867,,85,maneuver_collabo,8,6,2,2,3,842,,90,splatcharger_collabo,4,4,0,1,2,793,,101,nzap85,5,1,4,3,2,718,,95
2018-02-22T20:00:00+00:00,2.2.2,gachi,squad_4,area,tachiuo,300,bravo,FALSE,nzap85,5,4,1,10,6,1209,s+,91,prime_collabo,3,3,0,14,2,590,s+,77,barrelspinner,10,9,1,8,2,905,s+,85,splatscope_collabo,7,7,0,10,4,933,s+,65,herospinner_replica,13,7,6,5,4,968,s+,88,dynamo,9,7,2,7,1,786,s+,80,sshooter_collabo,23,20,3,4,2,1155,s+,101,soytuber_custom,9,6,3,7,2,826,s+,97
2018-02-22T20:00:00+00:00,2.2.2,gachi,standard,asari,manta,320,alpha,FALSE,rapid,10,5,5,5,5,1002,a+,42,nova,7,5,2,7,2,631,a+,64,sshooter,5,5,0,9,0,837,a+,36,maneuver_collabo,3,3,0,9,3,849,a+,67,heroroller_replica,20,18,2,5,1,923,a-,55,splatcharger,0,0,0,2,0,0,a+,73,sshooter_collabo,8,7,1,7,1,868,a-,49,maneuver_collabo,4,4,0,4,2,1170,a,52
2018-02-22T20:00:00+00:00,2.2.2,regular,standard,nawabari,ama,180,alpha,,splatspinner,3,3,0,2,4,970,,92,splatcharger_collabo,11,10,1,2,2,903,,101,heroroller_replica,7,5,2,4,1,589,,80,screwslosher_neo,14,4,10,1,1,540,,95,splatcharger_collabo,2,2,0,5,2,874,,25,sputtery,3,3,0,3,2,716,,85,maneuver_collabo,1,1,0,7,1,660,,90,sshooter,5,3,2,7,1,625,,128
2018-02-22T22:00:00+00:00,2.2.2,gachi,standard,yagura,tachiuo,79,bravo,TRUE,rapid,1,1,0,2,0,249,s,42,52gal,1,0,1,2,0,194,s,63,96gal,1,1,0,2,0,356,s,49,hotblaster,0,0,0,3,0,191,s,78,hissen,3,3,0,1,2,211,s,86,clashblaster,3,2,1,0,2,260,s,65,hotblaster,6,3,3,2,1,260,s,33,prime,1,1,0,0,2,362,s,59
2018-02-22T22:00:00+00:00,2.2.2,gachi,standard,yagura,tachiuo,186,alpha,TRUE,rapid,4,2,2,3,3,600,s,42,splatroller,6,6,0,3,0,390,s,83,maneuver_collabo,6,6,0,6,1,487,s,52,hotblaster,11,7,4,2,3,525,s,33,splatroller,10,10,0,4,2,642,s,59,squiclean_a,2,1,1,5,1,229,s,40,splatcharger,2,2,0,5,0,327,s,61,promodeler_rg,3,1,2,8,2,654,s,69
2018-02-22T22:00:00+00:00,2.2.2,gachi,standard,yagura,tachiuo,304,bravo,FALSE,hissen,12,8,4,7,3,626,s+,42,maneuver_collabo,12,10,2,9,0,742,s+,56,dualsweeper,11,6,5,7,4,859,s+,53,sputtery,11,10,1,5,6,1095,s+,76,campingshelter,6,3,3,8,2,904,s+,34,splatroller,10,8,2,11,1,582,s+,76,nova,5,5,0,10,1,550,s+,38,carbon,11,10,1,6,4,1005,s+,46
2018-02-22T22:00:00+00:00,2.2.2,gachi,standard,yagura,bbass,304,alpha,FALSE,rapid,12,8,4,4,5,1139,s,42,splatroller,13,12,1,4,1,755,s,83,dualsweeper,11,7,4,4,7,1123,s,55,promodeler_rg,6,4,2,9,4,787,s,69,screwslosher_neo,2,2,0,8,4,1046,s,41,maneuver_collabo,11,9,2,8,4,850,s,60,prime,9,4,5,9,3,898,s,102,longblaster,6,6,0,6,3,667,s,37
2018-02-22T22:00:00+00:00,2.2.2,gachi,standard,yagura,bbass,300,bravo,FALSE,hissen,13,11,2,8,3,894,s+,42,splatcharger,6,3,3,3,4,745,s+,71,bold,11,10,1,5,5,1272,s+,69,jetsweeper,5,2,3,7,5,927,s+,59,herospinner_replica,8,7,1,2,6,1247,s+,75,maneuver_collabo,3,3,0,9,3,852,s+,70,prime_collabo,6,6,0,7,3,921,s+,74,heroroller_replica,7,7,0,8,2,941,s+,58
2018-02-22T22:00:00+00:00,2.2.2,gachi,standard,yagura,bbass,166,alpha,TRUE,rapid,9,5,4,2,2,694,s,42,nzap89,6,6,0,3,3,679,s,63,splatroller,8,7,1,5,1,365,s,54,promodeler_rg,4,2,2,4,3,654,s,41,nzap85,5,5,0,4,1,0,s,65,maneuver,3,1,2,5,3,759,s,55,52gal,6,5,1,5,2,0,s,37,longblaster,3,3,0,6,1,491,s,60
2018-02-22T22:00:00+00:00,2.2.2,gachi,standard,yagura,bbass,326,alpha,FALSE,rapid,6,2,4,8,4,1081,s,42,hotblaster,13,10,3,10,4,909,s,77,prime,15,8,7,8,2,623,s,85,nzap85,15,9,6,8,2,1067,s,31,splatroller,7,6,1,6,2,0,s,67,hokusai_hue,11,7,4,6,7,1154,s,73,jetsweeper,9,7,2,10,7,1070,s,55,sshooter_collabo,16,14,2,7,4,1044,s,58
2018-02-22T22:00:00+00:00,2.2.2,gachi,standard,yagura,bbass,300,alpha,FALSE,hissen,17,13,4,4,5,1060,s+,42,dynamo,14,11,3,8,2,656,s+,64,herocharger_replica,11,9,2,4,0,641,s+,63,screwslosher,8,7,1,6,3,757,s+,52,splatroller,4,3,1,10,1,790,s+,53,screwslosher_neo,4,3,1,12,1,564,s+,36,jetsweeper_custom,14,12,2,10,1,749,s+,53,hissen,6,4,2,8,3,851,s+,36
2018-02-22T22:00:00+00:00,2.2.2,gachi,standard,yagura,bbass,269,alpha,TRUE,hissen,9,7,2,7,4,806,s+,42,hokusai,15,12,3,7,2,725,s+,42,heroroller_replica,15,15,0,9,1,706,s+,64,splatscope,6,5,1,4,4,709,s+,43,hotblaster,7,5,2,11,2,602,s+,45,splatspinner,11,7,4,10,1,597,s+,48,screwslosher,9,7,2,9,1,578,s+,54,splatscope,8,8,0,9,3,820,s+,39
2018-02-22T22:00:00+00:00,2.2.2,gachi,standard,yagura,tachiuo,301,alpha,FALSE,rapid,7,7,0,7,2,873,s,42,liter4k_scope,10,5,5,6,3,712,s,61,sputtery,12,10,2,7,1,629,s,46,96gal_deco,6,5,1,6,2,776,s,44,liter4k,7,6,1,6,4,765,s,50,jetsweeper_custom,5,3,2,5,4,866,s,83,dynamo,4,4,0,8,2,286,s,66,bold,12,12,0,8,3,1276,s,72
2018-02-22T22:00:00+00:00,2.2.2,gachi,standard,yagura,tachiuo,300,alpha,FALSE,splatscope,9,8,1,6,4,977,s+,42,promodeler_mg,3,2,1,7,4,1050,s+,70,dualsweeper,4,2,2,10,3,894,s+,53,liter4k_scope,10,10,0,8,3,819,s+,68,sshooter,12,12,0,8,3,945,s+,54,liter4k_custom,5,5,0,1,3,598,s+,63,liter4k_scope,7,3,4,5,5,1114,s+,47,prime,11,9,2,8,3,797,s+,50
2018-02-22T22:00:00+00:00,2.2.2,gachi,standard,yagura,bbass,121,bravo,TRUE,rapid,4,3,1,2,1,516,s,42,sshooter,4,4,0,1,1,334,s,24,splatcharger,3,3,0,3,0,355,s,65,maneuver_collabo,3,2,1,2,1,358,s,80,nzap85,5,5,0,4,1,450,s,109,splatroller,1,1,0,2,1,325,s,36,barrelspinner,2,2,0,2,2,461,s,50,bold,0,0,0,4,0,403,s,72
2018-02-22T22:00:00+00:00,2.2.2,gachi,standard,yagura,tachiuo,328,bravo,FALSE,rapid,11,5,6,9,4,926,s,42,nzap85,9,7,2,12,2,900,s,109,maneuver_collabo,14,12,2,9,1,962,s,31,maneuver,3,3,0,1,7,874,s,24,dualsweeper,4,0,4,4,6,1025,s,70,carbon,9,6,3,8,5,1103,s,60,maneuver_collabo,9,9,0,8,2,868,s,80,splatroller,17,15,2,8,3,869,s,37
2018-02-22T22:00:00+00:00,2.2.2,gachi,standard,yagura,bbass,314,bravo,FALSE,splatscope,10,9,1,8,3,932,s+,42,liter4k_scope,2,0,2,5,4,887,s+,51,sputtery_hue,14,9,5,9,3,830,s+,77,clashblaster,11,9,2,9,3,825,s+,78,barrelspinner_deco,11,9,2,5,5,1097,s+,62,pablo,6,4,2,7,5,906,s+,76,hotblaster,11,10,1,6,4,632,s+,70,liter4k,13,8,5,9,3,759,s+,62
2018-02-22T22:00:00+00:00,2.2.2,gachi,standard,yagura,bbass,179,alpha,TRUE,rapid,6,3,3,3,3,540,s,42,wakaba,13,9,4,3,4,665,s,84,dualsweeper,5,2,3,0,6,985,s,70,hotblaster,7,7,0,3,2,490,s,55,dualsweeper,3,1,2,7,1,467,s,66,nzap85,4,2,2,7,1,630,s,109,maneuver_collabo,5,5,0,4,1,544,s,80,splatcharger,2,1,1,3,2,483,s,24
2018-02-22T22:00:00+00:00,2.2.2,gachi,standard,yagura,tachiuo,276,bravo,TRUE,splatscope,6,6,0,7,3,753,s+,42,momiji,7,5,2,11,1,661,s+,63,splatspinner,5,3,2,10,4,994,s+,51,splatroller,6,5,1,5,3,954,s+,82,maneuver,7,6,1,5,4,874,s+,48,nzap85,14,9,5,6,3,755,s+,120,bold,8,8,0,3,5,1019,s+,63,hissen,13,10,3,5,4,985,s+,56
2018-02-22T22:00:00+00:00,2.2.2,gachi,standard,yagura,tachiuo,300,bravo,FALSE,splatscope,6,5,1,6,4,831,s+,42,hotblaster_custom,15,15,0,10,1,648,s+,65,bold,3,3,0,8,2,886,s+,63,jetsweeper,4,4,0,6,6,1160,s+,59,splatscope,10,8,2,6,3,780,s+,31,52gal,10,6,4,7,5,1145,s+,68,herospinner_replica,6,5,1,6,5,909,s+,86,splatroller,12,11,1,8,0,587,s+,58
2018-02-22T22:00:00+00:00,2.2.2,gachi,standard,yagura,tachiuo,138,alpha,TRUE,hotblaster,5,5,0,2,2,524,s+,42,dynamo_tesla,6,6,0,3,2,401,s+,84,nzap85,4,2,2,3,1,372,s+,65,carbon,3,0,3,3,2,383,s+,76,splatcharger,1,1,0,2,1,290,s+,64,splatroller_collabo,3,3,0,5,1,332,s+,64,heroshooter_replica,5,2,3,4,1,392,s+,54,heromaneuver_replica,3,3,0,2,2,420,s+,37
2018-02-22T22:00:00+00:00,2.2.2,gachi,standard,yagura,bbass,77,bravo,TRUE,hotblaster,3,2,1,3,0,210,s+,42,sharp,3,2,1,3,0,229,s+,47,splatroller,1,1,0,2,0,297,s+,61,l3reelgun_d,2,2,0,3,0,280,s+,60,hokusai_hue,3,3,0,2,1,204,s+,45,splatroller,5,5,0,1,2,445,s+,37,variableroller_foil,3,1,2,3,1,210,s+,50,sshooter_collabo,3,2,1,1,1,221,s+,65
2018-02-22T22:00:00+00:00,2.2.2,gachi,standard,yagura,bbass,231,alpha,TRUE,hotblaster,15,11,4,7,3,798,s+,42,herocharger_replica,5,5,0,3,2,603,s+,37,variableroller_foil,6,5,1,6,3,570,s+,50,splatroller,13,12,1,6,4,773,s+,37,bucketslosher_deco,9,7,2,9,2,698,s+,60,herocharger_replica,7,7,0,6,2,607,s+,85,hotblaster,7,3,4,9,1,624,s+,71,splatroller,6,5,1,9,0,402,s+,73
2018-02-22T22:00:00+00:00,2.2.2,gachi,standard,yagura,tachiuo,300,alpha,FALSE,52gal_deco,10,10,0,6,3,853,s+,42,hokusai_hue,8,6,2,8,2,833,s+,45,dualsweeper,15,10,5,6,2,805,s+,72,splatspinner,11,10,1,7,4,991,s+,51,sshooter,13,12,1,6,5,1327,s+,50,bucketslosher,6,5,1,10,1,683,s+,74,prime_collabo,7,7,0,10,1,881,s+,39,clashblaster,3,3,0,12,1,0,s+,40
2018-02-22T22:00:00+00:00,2.2.2,gachi,standard,yagura,tachiuo,318,bravo,FALSE,52gal_deco,8,4,4,10,3,742,s+,42,maneuver_collabo,6,5,1,13,0,663,s+,57,splatscope,10,9,1,5,4,999,s+,42,bamboo14mk1,9,7,2,12,2,689,s+,73,dynamo,11,5,6,5,4,949,s+,70,hotblaster,18,16,2,7,2,811,s+,47,nova,14,9,5,8,3,647,s+,64,variableroller_foil,14,9,5,6,3,819,s+,65
2018-02-22T22:00:00+00:00,2.2.2,gachi,standard,yagura,tachiuo,120,alpha,TRUE,hissen,5,2,3,2,2,515,s+,42,splatscope,3,3,0,1,2,362,s+,47,splatroller,3,3,0,1,0,292,s+,47,hokusai_hue,2,2,0,0,2,243,s+,47,sharp,1,1,0,4,1,332,s+,33,barrelspinner,2,2,0,4,1,386,s+,66,bamboo14mk1,2,1,1,2,1,407,s+,46,variableroller_foil,0,0,0,0,0,0,s+,63
2018-02-22T22:00:00+00:00,2.2.2,gachi,standard,yagura,bbass,309,alpha,FALSE,hissen,18,12,6,6,5,1156,s+,42,splatroller,15,15,0,10,2,721,s+,68,bold,5,5,0,11,3,1153,s+,70,jetsweeper_custom,3,2,1,3,5,765,s+,38,splatroller,14,11,3,9,3,740,s+,42,liter4k_scope,8,8,0,9,4,981,s+,69,rapid_deco,12,6,6,8,3,1044,s+,91,screwslosher,7,5,2,8,4,854,s+,39
2018-02-23T00:00:00+00:00,2.2.2,regular,standard,nawabari,chozame,180,alpha,FALSE,maneuver,3,3,0,2,5,1131,,62,prime,6,2,4,3,2,679,,12,sshooter,2,1,1,4,1,627,,36,maneuver_collabo,9,7,2,3,2,834,,49,carbon,1,1,0,4,1,0,,29,dualsweeper,5,3,2,4,3,1013,,99,bold,6,5,1,3,2,924,,63,jetsweeper,6,3,3,2,2,656,,80
2018-02-23T00:00:00+00:00,2.2.2,regular,standard,nawabari,chozame,180,alpha,FALSE,maneuver,3,2,1,4,4,925,,62,dualsweeper,5,3,2,3,3,1040,,99,barrelspinner,2,1,1,4,1,485,,36,nzap85,5,4,1,3,1,646,,56,maneuver_collabo,7,7,0,3,2,990,,49,prime,2,0,2,4,1,559,,12,nzap85,2,1,1,2,2,775,,57,splatcharger_collabo,6,6,0,1,3,1006,,76
2018-02-23T00:00:00+00:00,2.2.2,regular,standard,nawabari,chozame,180,alpha,FALSE,campingshelter,4,1,3,2,5,1168,,69,pablo,6,4,2,1,3,719,,74,carbon,8,7,1,4,2,787,,54,sputtery,1,1,0,4,2,767,,47,nzap85,5,4,1,3,2,707,,126,wakaba,7,6,1,3,4,1032,,7,hissen,3,0,3,1,3,852,,64,nzap85,1,1,0,6,0,690,,53
2018-02-23T00:00:00+00:00,2.2.2,regular,standard,nawabari,chozame,180,alpha,FALSE,campingshelter,5,3,2,2,5,1110,,69,promodeler_rg,4,4,0,1,5,929,,74,wakaba,11,8,3,3,4,1015,,7,soytuber,8,6,2,0,3,605,,67,nzap85,3,2,1,7,1,830,,53,sputtery,0,0,0,6,1,646,,47,bold,4,3,1,2,2,0,,86,wakaba,1,1,0,7,2,797,,19
2018-02-23T00:00:00+00:00,2.2.2,regular,standard,nawabari,chozame,180,bravo,FALSE,sharp,5,2,3,6,3,1008,,62,splatscope,4,4,0,3,2,662,,39,splatcharger,3,3,0,4,1,484,,69,momiji,1,1,0,4,2,1038,,58,promodeler_mg,2,1,1,3,2,819,,61,splatspinner,5,5,0,2,5,1301,,85,heroshooter_replica,10,10,0,3,1,551,,75,wakaba,3,1,2,3,3,926,,70
2018-02-23T00:00:00+00:00,2.2.2,gachi,squad_2,asari,battera,321,bravo,FALSE,l3reelgun_d,11,6,5,9,3,1185,a+,42,herobrush_replica,24,18,6,11,1,901,b,33,barrelspinner_deco,10,8,2,8,3,1054,b+,48,nzap89,18,12,6,6,4,1117,b,31,sshooter,20,17,3,10,3,1292,s+,49,nzap85,10,7,3,11,2,904,s,56,sputtery_hue,17,6,11,12,4,1247,b-,36,sputtery_hue,8,4,4,11,2,774,c,34
2018-02-23T00:00:00+00:00,2.2.2,regular,standard,nawabari,engawa,180,bravo,FALSE,campingshelter,6,6,0,4,4,1137,,69,nzap85,0,0,0,7,0,692,,53,liter4k_scope,4,3,1,3,3,882,,43,momiji,1,1,0,2,3,1194,,103,wakaba,8,5,3,0,6,1407,,7,sputtery,2,2,0,2,2,681,,47,barrelspinner,5,5,0,5,3,884,,82,sshooter,5,4,1,3,1,917,,70
2018-02-23T00:00:00+00:00,2.2.2,regular,standard,nawabari,chozame,180,bravo,FALSE,sharp,4,3,1,5,3,869,,62,splatscope,2,2,0,3,1,649,,39,splatspinner,2,2,0,6,2,747,,85,bold,2,2,0,5,1,688,,38,sshooter_collabo,9,9,0,2,4,978,,90,screwslosher_neo,10,5,5,2,2,626,,77,momiji,0,0,0,2,2,932,,63,rapid,6,4,2,3,2,630,,71
2018-02-23T00:00:00+00:00,2.2.2,gachi,squad_2,asari,battera,203,bravo,TRUE,l3reelgun_d,3,2,1,7,1,678,a+,42,barrelspinner_deco,5,4,1,4,1,612,b+,48,promodeler_mg,5,4,1,6,3,759,b,31,bucketslosher_deco,11,7,4,8,1,606,b+,23,sshooter,12,10,2,4,2,694,a-,70,pablo_hue,6,5,1,4,2,543,a,39,nzap85,4,2,2,5,2,846,b-,19,prime_collabo,10,8,2,4,3,833,,53
2018-02-23T00:00:00+00:00,2.2.2,regular,standard,nawabari,engawa,180,alpha,FALSE,campingshelter,9,7,2,2,4,1099,,69,momiji,5,3,2,1,3,1099,,103,nzap85,10,7,3,1,3,1017,,51,dualsweeper,5,4,1,1,5,902,,53,nzap85,1,0,1,8,1,833,,53,sputtery,3,3,0,6,2,743,,47,bold,1,1,0,6,3,1272,,42,bold,1,1,0,2,3,955,,68
2018-02-23T00:00:00+00:00,2.2.2,regular,standard,nawabari,chozame,180,bravo,FALSE,sharp,7,7,0,4,2,786,,63,splatscope,1,1,0,3,2,722,,39,splatspinner,5,5,0,6,3,836,,85,momiji,0,0,0,8,2,889,,65,screwslosher_neo,5,3,2,6,2,621,,77,dualsweeper,9,8,1,2,4,1254,,106,96gal,9,6,3,3,3,914,,72,splatroller,8,4,4,2,1,626,,49
2018-02-23T00:00:00+00:00,2.2.2,gachi,standard,area,fujitsubo,265,bravo,TRUE,hotblaster,7,4,3,9,3,567,s+,65,maneuver_collabo,6,4,2,6,3,1247,s+,65,wakaba,8,7,1,4,7,1566,s+,85,sshooter,5,4,1,7,4,1172,s+,95,nzap85,6,2,4,4,5,1261,s+,87,variableroller,4,3,1,1,7,1510,s+,81,hotblaster_custom,17,17,0,7,3,923,s+,137,dynamo_tesla,5,4,1,7,2,938,s+,81
2018-02-23T00:00:00+00:00,2.2.2,regular,standard,nawabari,engawa,180,bravo,FALSE,campingshelter,4,2,2,2,5,1268,,69,promodeler_mg,1,1,0,3,3,985,,84,sshooter,4,2,2,3,1,663,,6,sshooter,9,9,0,0,4,1145,,61,wakaba,1,1,0,5,2,910,,47,momiji,0,0,0,2,3,1179,,103,bold,2,1,1,6,2,976,,42,bold,5,5,0,2,3,1025,,68
2018-02-23T00:00:00+00:00,2.2.2,regular,standard,nawabari,engawa,180,alpha,FALSE,sharp,7,6,1,2,4,1425,,63,dualsweeper,3,3,0,1,4,876,,122,longblaster,10,6,4,4,1,547,,56,prime,4,3,1,4,2,655,,85,variableroller_foil,3,3,0,5,2,989,,98,herocharger_replica,2,2,0,3,1,451,,74,bucketslosher_deco,3,2,1,6,1,737,,75,momiji,3,3,0,4,3,1198,,25
2018-02-23T00:00:00+00:00,2.2.2,regular,standard,nawabari,chozame,180,alpha,FALSE,campingshelter,5,3,2,2,5,1203,,69,wakaba,3,0,3,3,2,822,,47,bold,5,4,1,1,3,967,,68,hokusai,12,12,0,4,3,1037,,105,momiji,2,1,1,3,3,1055,,103,bold,5,4,1,6,2,1089,,42,promodeler_mg,1,1,0,5,4,930,,84,sshooter,5,4,1,5,1,863,,61
2018-02-23T00:00:00+00:00,2.2.2,gachi,standard,area,kombu,316,alpha,FALSE,hotblaster,12,8,4,8,3,829,s+,65,heroshelter_replica,10,8,2,3,7,1610,s+,89,carbon,14,11,3,4,6,1283,s+,90,screwslosher_neo,12,6,6,8,5,1269,s+,105,heroblaster_replica,9,7,2,11,2,870,s+,115,screwslosher_neo,9,6,3,8,5,1309,s+,67,barrelspinner,12,8,4,5,7,1766,s+,73,pablo_hue,2,2,0,9,5,1051,s+,98
2018-02-23T00:00:00+00:00,2.2.2,regular,standard,nawabari,chozame,180,alpha,FALSE,campingshelter,8,8,0,4,5,1247,,69,bold,5,5,0,7,1,953,,43,bold,5,4,1,5,2,991,,68,promodeler_mg,1,0,1,4,2,825,,84,wakaba,3,0,3,4,2,725,,47,momiji,8,2,6,3,3,1118,,103,hokusai,9,9,0,5,1,921,,105,dualsweeper,9,9,0,5,2,1173,,106
2018-02-23T00:00:00+00:00,2.2.2,gachi,standard,area,kombu,204,bravo,TRUE,hotblaster,7,6,1,5,3,659,s+,65,maneuver_collabo,5,5,0,6,2,949,s+,60,wakaba,4,2,2,5,5,1180,s+,78,screwslosher_neo,4,3,1,6,3,929,s+,78,carbon,7,5,2,4,2,692,s+,90,screwslosher_neo,11,7,4,6,2,813,s+,67,maneuver_collabo,8,6,2,3,3,1091,s+,83,momiji,6,4,2,3,4,1123,s+,89
2018-02-23T00:00:00+00:00,2.2.2,regular,standard,nawabari,engawa,180,bravo,FALSE,campingshelter,5,2,3,5,4,945,,69,wakaba,3,2,1,3,3,927,,47,momiji,1,1,0,3,3,1161,,103,sharp,3,3,0,2,3,926,,103,bold,3,3,0,5,3,1106,,43,promodeler_mg,0,0,0,3,4,945,,84,96gal,7,6,1,0,3,904,,72,splatspinner,6,4,2,0,5,1195,,70
2018-02-23T00:00:00+00:00,2.2.2,gachi,standard,area,kombu,179,bravo,TRUE,hotblaster,6,4,2,6,1,348,s+,65,hotblaster,6,5,1,4,2,593,s+,64,maneuver_collabo,6,5,1,5,4,882,s+,111,nzap85,2,1,1,3,4,927,s+,81,nzap85,3,2,1,6,1,619,s+,78,hotblaster,11,10,1,2,2,718,s+,78,screwslosher_neo,4,2,2,5,2,632,s+,42,wakaba,10,4,6,2,4,988,s+,83
2018-02-23T00:00:00+00:00,2.2.2,regular,standard,nawabari,engawa,180,bravo,FALSE,campingshelter,5,4,1,7,2,818,,69,wakaba,0,0,0,7,2,926,,47,momiji,2,1,1,3,3,1151,,103,promodeler_mg,1,1,0,5,1,684,,84,bold,6,6,0,2,5,1576,,43,splatcharger,6,6,0,1,1,585,,69,sputtery_hue,6,6,0,1,3,939,,88,bottlegeyser,5,4,1,2,2,715,,98
2018-02-23T00:00:00+00:00,2.2.2,gachi,standard,area,kombu,95,bravo,TRUE,hotblaster,2,1,1,3,1,201,s+,65,dualsweeper,2,1,1,2,2,597,s+,70,carbon,1,1,0,4,1,352,s+,82,heroroller_replica,0,0,0,4,1,443,s+,83,herospinner_replica,4,2,2,0,1,643,s+,80,nzap85,6,3,3,1,1,450,s+,76,screwslosher_neo,6,1,5,2,1,292,s+,67,rapid,9,7,2,0,1,381,s+,91
2018-02-23T00:00:00+00:00,2.2.2,regular,standard,nawabari,chozame,180,alpha,FALSE,campingshelter,8,5,3,4,5,1120,,69,promodeler_mg,5,4,1,1,3,919,,84,dualsweeper,6,2,4,4,2,741,,62,sputtery,8,8,0,3,2,731,,45,bold,3,2,1,7,2,750,,47,bold,7,6,1,3,4,1186,,103,squiclean_a,4,4,0,6,1,672,,48,pablo_hue,0,0,0,4,2,670,,26
2018-02-23T00:00:00+00:00,2.2.2,gachi,standard,area,fujitsubo,110,bravo,TRUE,hotblaster,1,1,0,3,1,289,s+,65,sshooter,0,0,0,3,1,505,s+,42,wakaba,1,1,0,2,3,682,s+,86,wakaba,1,1,0,3,2,612,s+,66,nzap85,5,5,0,0,2,592,s+,76,barrelspinner_deco,4,1,3,0,2,589,s+,72,splatroller,4,3,1,1,1,361,s+,112,wakaba,5,2,3,2,3,620,s+,61
2018-02-23T00:00:00+00:00,2.2.2,regular,standard,nawabari,engawa,180,alpha,FALSE,campingshelter,5,4,1,4,3,821,,69,bold,3,2,1,0,5,1317,,103,dualsweeper,4,3,1,2,3,870,,62,herocharger_replica,6,5,1,2,2,632,,48,bold,1,1,0,5,2,932,,47,jetsweeper_custom,4,3,1,4,1,745,,45,splatscope,4,4,0,3,2,663,,26,splatscope,0,0,0,2,2,980,,63
2018-02-23T00:00:00+00:00,2.2.2,gachi,standard,area,kombu,281,bravo,TRUE,hotblaster,2,1,1,9,2,570,s+,65,splatroller,7,7,0,7,3,1088,s+,91,wakaba,6,5,1,4,6,1600,s+,86,wakaba,7,5,2,3,7,1608,s+,82,hotblaster,13,10,3,5,4,999,s+,96,sputtery_hue,6,5,1,6,3,1012,s+,91,sshooter,7,5,2,3,5,1184,s+,116,wakaba,6,3,3,4,10,1665,s+,61
2018-02-23T00:00:00+00:00,2.2.2,regular,standard,nawabari,engawa,180,alpha,FALSE,campingshelter,5,5,0,1,4,1099,,69,bold,3,2,1,3,4,1057,,103,dualsweeper,5,2,3,4,1,570,,62,l3reelgun,5,3,2,2,2,931,,26,nzap85,3,0,3,3,3,973,,47,splatroller,3,3,0,5,2,655,,45,herocharger_replica,3,3,0,3,2,802,,48,splatscope,5,4,1,2,2,841,,26
2018-02-23T00:00:00+00:00,2.2.2,gachi,standard,area,kombu,116,bravo,TRUE,hotblaster,4,4,0,4,1,380,s+,65,sputtery_hue,2,2,0,6,2,536,s+,66,hotblaster_custom,1,1,0,7,0,339,s+,117,wakaba,2,0,2,3,3,683,s+,91,heroblaster_replica,8,5,3,3,1,465,s+,100,splatroller,8,7,1,1,2,599,s+,91,wakaba,4,4,0,2,2,588,s+,86,rapid,5,4,1,1,1,562,s+,68
2018-02-23T00:00:00+00:00,2.2.2,regular,standard,nawabari,engawa,180,bravo,FALSE,h3reelgun,5,2,3,3,4,1122,,69,bold,5,4,1,2,4,1293,,103,dualsweeper,6,3,3,4,1,688,,62,maneuver_collabo,6,4,2,3,2,683,,39,nzap85,2,1,1,2,2,966,,47,splatcharger,3,3,0,3,0,875,,46,variableroller_foil,3,3,0,4,2,809,,88,wakaba,6,4,2,4,3,947,,19
2018-02-23T00:00:00+00:00,2.2.2,gachi,standard,area,kombu,226,bravo,TRUE,nzap85,12,8,4,5,3,1175,s+,65,wakaba,11,2,9,5,7,1225,s+,76,splatscope,1,0,1,4,5,900,s+,97,nzap85,9,8,1,4,5,1270,s+,72,wakaba,9,1,8,4,7,1544,s+,52,sshooter,7,4,3,6,3,890,s+,82,sshooter,12,12,0,5,4,1052,s+,97,heromaneuver_replica,2,1,1,3,5,1099,s+,94
2018-02-23T00:00:00+00:00,2.2.2,regular,standard,nawabari,engawa,180,bravo,FALSE,h3reelgun,3,2,1,2,5,1235,,69,bold,4,4,0,1,4,1357,,103,splatscope,2,2,0,2,3,742,,64,herocharger_replica,4,3,1,3,2,560,,88,nzap85,0,0,0,2,3,988,,47,dualsweeper,4,4,0,3,4,1143,,62,variableroller_foil,2,2,0,3,3,967,,88,nzap85,4,2,2,3,3,863,,61
2018-02-23T00:00:00+00:00,2.2.2,gachi,standard,area,fujitsubo,187,alpha,TRUE,nzap85,9,8,1,4,3,862,s+,65,wakaba,10,5,5,2,5,1026,s+,52,maneuver_collabo,6,3,3,5,2,612,s+,75,heroblaster_replica,11,11,0,2,2,690,s+,68,hokusai_hue,3,2,1,5,3,708,s+,63,splatspinner,2,2,0,7,5,1030,s+,108,sshooter,6,6,0,7,2,640,s+,98,sputtery,4,3,1,8,4,767,s+,68
2018-02-23T00:00:00+00:00,2.2.2,regular,standard,nawabari,engawa,180,bravo,FALSE,h3reelgun,1,1,0,5,4,1043,,69,dualsweeper,4,3,1,3,2,847,,62,variableroller_foil,5,5,0,4,3,910,,88,splatscope,2,2,0,3,1,678,,64,nzap85,5,3,2,4,2,950,,47,sharp,4,3,1,0,4,1181,,103,herocharger_replica,5,3,2,4,1,585,,88,splatroller,6,6,0,3,0,764,,51
2018-02-23T02:00:00+00:00,2.2.2,gachi,squad_2,area,fujitsubo,304,bravo,FALSE,sshooter_collabo,12,10,2,6,3,1078,s+,74,splatcharger,10,9,1,7,2,942,s+,65,maneuver_collabo,7,5,2,7,4,939,s+,73,nzap85,5,3,2,9,4,1056,a-,42,hotblaster,14,10,4,6,3,898,s+,87,hokusai_hue,9,7,2,5,5,1093,s+,96,rapid,9,5,4,9,2,1038,s+,84,herospinner_replica,7,6,1,7,4,1059,s+,95
2018-02-23T02:00:00+00:00,2.2.2,gachi,standard,asari,battera,278,alpha,TRUE,heroroller_replica,8,6,2,7,3,925,s+,77,wakaba,15,14,1,5,4,1370,s+,128,nzap85,5,4,1,6,4,1156,s+,98,parashelter,8,5,3,7,4,1196,s+,81,prime_collabo,12,10,2,7,3,1140,s+,50,splatroller,5,5,0,8,0,843,s+,37,maneuver,8,4,4,8,3,1158,s+,119,sputtery_hue,8,6,2,6,3,1017,s+,100
2018-02-23T02:00:00+00:00,2.2.2,gachi,squad_2,area,bbass,308,bravo,FALSE,sshooter_collabo,16,14,2,7,1,1088,s+,74,splatcharger_collabo,13,13,0,5,4,1276,s+,65,maneuver,8,5,3,10,2,801,b+,52,bamboo14mk1,3,1,2,4,5,1092,s+,54,hissen,15,14,1,10,3,1095,s+,65,heromaneuver_replica,7,5,2,6,6,1282,s+,100,heroshooter_replica,7,6,1,6,3,1147,s+,147,rapid,1,1,0,11,3,977,a+,49
2018-02-23T02:00:00+00:00,2.2.2,gachi,squad_2,area,fujitsubo,71,alpha,TRUE,nzap85,10,5,5,0,2,414,s+,74,splatcharger_collabo,9,9,0,0,1,398,s+,65,clashblaster,3,1,2,1,0,126,a,57,clashblaster,1,0,1,0,1,233,s+,61,longblaster,1,1,0,4,0,208,s+,72,momiji,0,0,0,4,1,369,a,97,nzap89,0,0,0,3,1,288,a+,46,jetsweeper_custom,0,0,0,4,0,196,a,53
2018-02-23T02:00:00+00:00,2.2.2,gachi,squad_2,area,bbass,74,alpha,TRUE,nzap85,7,4,3,1,2,424,s+,74,pablo_hue,6,4,2,0,1,240,a+,37,splatcharger_collabo,4,4,0,0,1,397,s+,65,hissen,3,2,1,2,0,192,s+,58,hissen,2,1,1,3,1,286,s+,65,rapid,2,2,0,4,0,260,s+,77,sshooter_collabo,0,0,0,4,0,178,s+,56,heroshooter_replica,0,0,0,3,0,258,s+,147
2018-02-23T02:00:00+00:00,2.2.2,gachi,squad_2,area,fujitsubo,194,bravo,TRUE,squiclean_a,7,5,2,6,2,496,s+,74,splatcharger_collabo,13,12,1,4,2,849,s+,65,parashelter,3,0,3,6,1,465,c-,20,promodeler_mg,1,1,0,5,1,643,c-,33,promodeler_mg,10,8,2,3,5,1089,s+,71,hokusai,9,8,1,4,2,439,s+,48,splatcharger_collabo,5,4,1,6,2,709,s+,60,prime,2,1,1,5,2,451,s+,73
2018-02-23T02:00:00+00:00,2.2.2,gachi,squad_2,area,fujitsubo,167,alpha,TRUE,squiclean_a,6,3,3,2,2,420,s+,74,sshooter_collabo,8,8,0,3,0,631,s+,88,momiji,7,4,3,4,2,678,s+,87,splatcharger_collabo,6,5,1,1,2,718,s+,65,sputtery_hue,6,5,1,4,2,644,s+,56,dynamo_tesla,5,3,2,3,3,671,s+,69,nzap85,3,1,2,7,1,486,s,58,sputtery_hue,1,1,0,6,1,310,s+,66
2018-02-23T02:00:00+00:00,2.2.2,gachi,squad_4,area,fujitsubo,126,alpha,TRUE,heroroller_replica,6,3,3,1,2,558,s+,77,sshooter,5,5,0,2,1,579,s+,20,96gal,4,2,2,1,2,588,s+,66,sputtery,2,2,0,2,2,596,s+,69,52gal,3,3,0,2,3,701,b+,35,prime,2,1,1,3,3,737,s,39,hydra,2,2,0,3,0,407,s+,51,heroshooter_replica,0,0,0,4,1,417,b-,28
2018-02-23T02:00:00+00:00,2.2.2,regular,standard,nawabari,kombu,180,alpha,FALSE,prime_collabo,4,4,0,1,3,1055,,85,splatroller,7,6,1,2,3,853,,68,nzap85,4,2,2,3,3,1127,,106,campingshelter,0,0,0,3,2,687,,46,dynamo,0,0,0,3,0,784,,70,dynamo_tesla,4,4,0,5,0,580,,59,maneuver,3,3,0,3,4,1199,,94,bold,2,2,0,1,4,1002,,87
2018-02-23T02:00:00+00:00,2.2.2,gachi,squad_2,area,bbass,323,bravo,FALSE,sshooter_collabo,13,8,5,9,1,946,s+,74,splatcharger_collabo,14,14,0,7,4,1165,s+,65,splatroller,11,11,0,9,1,1012,s+,58,bold,8,7,1,4,3,0,s,34,dynamo_tesla,11,9,2,10,4,874,s+,78,splatcharger_collabo,9,7,2,9,4,1083,s+,60,hokusai,8,7,1,11,3,885,s+,48,splatscope,6,6,0,10,3,1028,s+,70
2018-02-23T02:00:00+00:00,2.2.2,gachi,squad_4,area,bbass,201,bravo,TRUE,heroroller_replica,5,5,0,6,3,743,s+,77,sputtery,3,3,0,6,3,877,s+,69,sshooter,2,1,1,6,3,736,s+,20,96gal,1,1,0,6,1,651,s+,66,sputtery_hue,11,9,2,3,3,794,s+,98,nzap85,9,5,4,3,2,795,s+,82,barrelspinner,8,6,2,1,3,879,s+,89,squiclean_a,7,4,3,3,2,567,s+,85
2018-02-23T02:00:00+00:00,2.2.2,gachi,standard,asari,battera,300,alpha,FALSE,prime_collabo,9,7,2,5,5,1374,s+,85,bamboo14mk1,8,3,5,5,4,1348,s+,77,52gal,15,9,6,10,1,782,s+,83,nzap85,21,17,4,6,4,1238,s+,108,nzap85,8,4,4,8,4,1606,s+,74,screwslosher_neo,12,7,5,8,2,996,s+,84,52gal_deco,10,8,2,9,2,1116,s+,61,hotblaster,11,6,5,11,1,881,s+,78
2018-02-23T02:00:00+00:00,2.2.2,gachi,squad_2,area,fujitsubo,140,alpha,TRUE,sshooter_collabo,10,8,2,3,1,443,s+,74,splatcharger_collabo,7,7,0,1,2,549,s+,65,screwslosher_neo,5,3,2,4,1,368,s+,96,nzap89,4,3,1,3,2,577,b-,38,carbon,7,7,0,5,2,612,s+,81,hissen,5,2,3,6,3,631,b-,31,heroblaster_replica,4,1,3,5,1,351,s+,147,splatscope,1,1,0,5,2,477,s+,65
2018-02-23T02:00:00+00:00,2.2.2,gachi,squad_4,area,bbass,98,alpha,TRUE,heroroller_replica,7,6,1,0,2,505,s+,77,wakaba,5,4,1,1,2,512,s+,69,sshooter,3,2,1,2,1,342,s+,20,96gal,2,1,1,1,1,503,s+,66,dynamo_tesla,3,3,0,4,1,319,a-,51,splatcharger_collabo,1,1,0,2,2,518,a+,31,sshooter,0,0,0,4,1,400,a-,55,heroshelter_replica,0,0,0,3,1,428,a,71
2018-02-23T02:00:00+00:00,2.2.2,gachi,squad_2,area,fujitsubo,197,alpha,TRUE,sshooter_collabo,7,4,3,4,1,626,s+,74,nzap85,10,7,3,2,3,951,s+,103,splatcharger_collabo,9,9,0,3,3,787,s+,65,sshooter_collabo,7,4,3,4,2,738,s+,92,bucketslosher,7,4,3,6,4,805,s+,83,nzap85,6,4,2,8,2,716,s,58,hokusai,6,4,2,6,2,590,s+,109,sputtery_hue,3,1,2,5,3,729,s+,56
2018-02-23T02:00:00+00:00,2.2.2,gachi,standard,asari,battera,312,bravo,FALSE,prime_collabo,6,4,2,8,5,1369,s+,85,maneuver_collabo,10,7,3,8,4,1184,s+,108,maneuver_collabo,9,7,2,11,5,1260,s+,41,hotblaster,8,5,3,10,1,711,s+,31,52gal,19,6,13,7,3,907,s+,83,maneuver_collabo,16,15,1,8,3,1142,s+,91,barrelspinner,15,11,4,4,6,1438,s+,91,prime_collabo,10,5,5,4,4,1302,s+,116
2018-02-23T02:00:00+00:00,2.2.2,regular,standard,nawabari,hokke,180,alpha,FALSE,sharp,1,1,0,3,4,1068,,63,maneuver,4,3,1,4,3,865,,9,nzap85,5,4,1,4,2,798,,99,splatcharger,3,2,1,2,2,702,,32,sshooter,7,6,1,3,2,918,,9,splatroller,1,0,1,4,1,771,,100,wakaba,6,4,2,1,3,853,,113,splatcharger,3,3,0,2,2,772,,95
2018-02-23T02:00:00+00:00,2.2.2,gachi,squad_4,area,fujitsubo,112,bravo,TRUE,heroroller_replica,2,2,0,3,1,443,s+,77,96gal,4,4,0,4,2,445,s+,66,wakaba,2,0,2,4,2,586,s+,70,sshooter_collabo,2,1,1,3,1,520,s+,20,sshooter_collabo,9,7,2,0,2,568,s+,85,herobrush_replica,4,2,2,3,0,262,s+,65,bamboo14mk1,3,2,1,1,2,688,s+,78,heroroller_replica,3,3,0,3,0,256,s+,102
2018-02-23T02:00:00+00:00,2.2.2,gachi,squad_2,area,fujitsubo,237,alpha,TRUE,sshooter_collabo,9,6,3,4,2,769,s+,74,hokusai,11,11,0,4,3,795,s+,109,splatcharger_collabo,9,8,1,4,3,839,s+,65,bucketslosher,6,5,1,5,4,1025,s+,83,hotblaster,8,8,0,9,3,630,s+,73,parashelter,5,2,3,5,5,1194,s+,98,splatcharger_collabo,5,4,1,9,2,655,s+,68,hokusai_hue,3,3,0,7,3,875,s+,66
2018-02-23T02:00:00+00:00,2.2.2,regular,standard,nawabari,kombu,180,alpha,FALSE,sharp,9,6,3,1,5,1389,,63,maneuver,3,3,0,3,3,839,,9,sshooter,3,3,0,3,1,987,,9,splatroller,4,3,1,4,1,644,,100,screwslosher_neo,5,4,1,5,2,718,,113,promodeler_mg,0,0,0,1,4,1097,,29,sshooter,4,3,1,5,1,737,,35,sshooter,4,4,0,4,1,1119,,46
2018-02-23T02:00:00+00:00,2.2.2,gachi,squad_4,area,bbass,300,alpha,FALSE,heroroller_replica,14,13,1,6,4,1170,s+,77,wakaba,8,4,4,7,4,1203,s+,70,sshooter_collabo,7,5,2,6,3,1060,s+,20,96gal,5,3,2,5,3,1205,s+,66,longblaster,8,7,1,6,4,1003,s+,51,hokusai_hue,8,7,1,8,3,944,s+,66,prime_collabo,7,5,2,4,3,1153,s+,70,barrelspinner_deco,6,5,1,7,4,1195,s+,50
2018-02-23T02:00:00+00:00,2.2.2,gachi,standard,asari,battera,245,bravo,TRUE,prime_collabo,4,2,2,7,3,1015,s+,85,bamboo14mk1,8,6,2,7,3,1023,s+,77,hotblaster,7,6,1,6,2,737,s+,46,sshooter,8,7,1,8,2,0,s+,89,barrelspinner,12,10,2,4,5,1224,s+,91,nzap85,8,3,5,6,2,975,s+,90,maneuver_collabo,9,6,3,7,2,994,s+,91,bold,13,9,4,4,2,931,s+,69
2018-02-23T02:00:00+00:00,2.2.2,gachi,squad_4,area,fujitsubo,216,alpha,TRUE,nzap85,12,7,5,5,3,934,s+,93,screwslosher_neo,7,1,6,4,3,698,s+,87,herobrush_replica,6,6,0,3,4,774,a-,65,dynamo_tesla,10,7,3,2,3,854,s+,64,heroblaster_replica,3,2,1,6,2,614,s+,40,96gal_deco,3,3,0,3,4,920,s+,127,variableroller,4,3,1,5,3,976,s+,58,sputtery,7,6,1,7,2,912,s+,69
2018-02-23T02:00:00+00:00,2.2.2,regular,standard,nawabari,kombu,180,alpha,FALSE,sharp,6,4,2,2,3,1285,,63,52gal_deco,10,10,0,3,2,874,,52,splatcharger,2,2,0,2,3,723,,73,dualsweeper,4,4,0,2,4,1072,,59,bucketslosher_deco,3,3,0,3,3,942,,9,sshooter,3,3,0,4,2,894,,9,splatroller,2,2,0,6,1,782,,100,sputtery_hue,1,1,0,7,3,1049,,69
2018-02-23T02:00:00+00:00,2.2.2,gachi,standard,asari,gangaze,300,alpha,FALSE,prime_collabo,4,4,0,4,5,1213,s+,85,sshooter,13,12,1,8,0,777,s+,90,dynamo_tesla,6,3,3,7,3,849,s+,108,hissen,9,6,3,9,4,884,s+,89,nzap85,7,6,1,8,2,964,s+,91,barrelspinner,11,8,3,4,5,1103,s+,91,maneuver_collabo,8,7,1,7,2,727,s+,92,bamboo14mk1,13,7,6,6,4,1152,s+,77
2018-02-23T02:00:00+00:00,2.2.2,gachi,squad_4,area,bbass,77,alpha,TRUE,heroroller_replica,7,7,0,1,2,447,s+,77,sshooter_collabo,7,6,1,1,1,345,s+,20,wakaba,7,3,4,1,1,415,s+,70,96gal,1,0,1,0,1,249,s+,66,l3reelgun_d,2,2,0,4,1,305,s+,85,nzap85,2,0,2,4,0,257,a-,59,splatspinner,1,1,0,4,0,218,a+,83,maneuver,0,0,0,4,0,250,a+,103
2018-02-23T02:00:00+00:00,2.2.2,gachi,squad_4,area,bbass,285,alpha,TRUE,nzap85,16,13,3,5,5,1237,s+,93,screwslosher_neo,10,3,7,4,3,934,s+,87,herobrush_replica,5,4,1,5,3,798,a-,65,dynamo_tesla,7,3,4,8,3,857,s+,64,hydra,10,10,0,6,2,662,s+,63,pablo,4,4,0,5,3,898,s+,68,screwslosher_neo,9,7,2,8,3,1006,s+,74,nzap85,3,1,2,4,5,1105,c-,63
2018-02-23T02:00:00+00:00,2.2.2,regular,standard,nawabari,kombu,180,alpha,FALSE,sharp,5,5,0,5,2,1034,,63,splatspinner,1,0,1,2,3,826,,65,bucketslosher_deco,6,4,2,0,1,925,,60,sputtery_hue,3,3,0,4,3,1060,,83,soytuber_custom,2,2,0,3,2,787,,56,bold,2,2,0,5,3,916,,107,parashelter,4,4,0,3,3,1023,,79,splatcharger_collabo,3,3,0,1,2,980,,77
2018-02-23T02:00:00+00:00,2.2.2,gachi,squad_4,area,fujitsubo,319,alpha,FALSE,heroroller_replica,20,12,8,6,4,1050,s+,77,wakaba,15,5,10,6,8,1732,s+,70,sshooter_collabo,15,13,2,6,3,1218,s+,20,96gal,12,5,7,4,6,1337,s+,66,nzap85,9,2,7,9,6,1498,s+,60,splatroller,9,7,2,6,6,1342,s,77,splatroller,9,9,0,9,2,1022,a-,37,dynamo_tesla,7,4,3,11,4,996,s,62
2018-02-23T02:00:00+00:00,2.2.2,gachi,standard,asari,battera,314,bravo,FALSE,prime_collabo,7,4,3,6,4,1273,s+,85,wakaba,3,2,1,10,5,1320,s+,42,maneuver_collabo,4,3,1,11,1,1060,s+,84,sshooter_collabo,20,18,2,12,0,1117,s+,84,nzap85,15,9,6,6,4,1345,s+,115,splatroller_collabo,6,5,1,10,1,667,s+,85,rapid_deco,17,12,5,6,4,1441,s+,101,hissen,15,13,2,5,4,1175,s+,72
2018-02-23T02:00:00+00:00,2.2.2,gachi,squad_4,area,fujitsubo,317,alpha,FALSE,nzap85,9,7,2,9,3,1155,s+,93,screwslosher_neo,9,6,3,7,4,1017,s+,87,herobrush_replica,12,9,3,7,4,896,a-,65,dynamo_tesla,8,5,3,7,2,887,s+,64,herocharger_replica,10,9,1,8,4,987,s+,75,heroshelter_replica,2,2,0,1,0,0,s+,77,heroshooter_replica,16,14,2,12,2,1198,s+,88,herospinner_replica,9,5,4,6,6,1269,s+,115
2018-02-23T02:00:00+00:00,2.2.2,regular,standard,nawabari,hokke,180,alpha,FALSE,sharp,8,5,3,5,2,1040,,63,parashelter,1,0,1,3,2,803,,79,rapid,9,4,5,1,3,910,,95,sshooter,10,8,2,2,0,788,,28,hotblaster,3,3,0,6,1,572,,107,splatcharger_collabo,2,1,1,5,0,519,,77,heromaneuver_replica,6,5,1,3,4,1114,,65,promodeler_rg,2,2,0,3,3,1165,,68
2018-02-23T02:00:00+00:00,2.2.2,gachi,standard,asari,gangaze,300,bravo,FALSE,bamboo14mk1,12,12,0,5,5,1059,a,61,screwslosher_neo,11,8,3,8,2,975,a-,43,sshooter,11,6,5,6,0,714,a-,74,bold,8,5,3,7,4,1048,a-,108,splatroller,11,11,0,7,2,854,a-,100,wakaba,9,5,4,6,6,1228,a,85,maneuver_collabo,10,7,3,8,0,909,a,61,sputtery,3,3,0,10,1,710,a-,44
2018-02-23T02:00:00+00:00,2.2.2,gachi,squad_4,area,fujitsubo,300,bravo,FALSE,sputtery_hue,11,9,2,11,4,987,s+,42,carbon,7,7,0,11,3,934,a+,48,prime_collabo,8,7,1,8,2,1181,s,58,nzap85,9,4,5,7,5,1454,s+,81,nzap85,11,4,7,6,5,1345,s,90,heroroller_replica,20,16,4,3,5,1320,s+,121,hissen,10,6,4,9,3,762,a-,72,prime_collabo,15,11,4,9,4,1219,s+,123
2018-02-23T02:00:00+00:00,2.2.2,gachi,squad_4,area,fujitsubo,184,bravo,TRUE,heroroller_replica,6,6,0,5,1,601,s+,77,sshooter_collabo,5,4,1,4,3,720,s+,20,96gal,5,1,4,3,3,754,s+,66,wakaba,4,2,2,3,4,896,s+,70,maneuver_collabo,7,5,2,3,3,886,s+,78,dynamo_tesla,6,4,2,2,2,614,s,43,longblaster,5,4,1,4,2,666,s+,48,52gal,3,2,1,4,2,758,s+,44
2018-02-23T02:00:00+00:00,2.2.2,gachi,standard,asari,battera,308,alpha,FALSE,prime_collabo,4,3,1,2,5,1572,s+,85,hotblaster,12,10,2,5,2,764,s+,66,nzap85,14,7,7,8,3,1167,s+,115,liter4k,9,7,2,6,4,1174,s+,61,rapid_deco,7,4,3,5,5,1340,s+,94,nzap85,8,4,4,8,3,1402,s+,82,wakaba,8,4,4,6,5,1174,s+,77,hotblaster,10,9,1,8,2,849,s+,82
2018-02-23T02:00:00+00:00,2.2.2,gachi,standard,asari,battera,300,bravo,FALSE,bamboo14mk1,12,11,1,7,3,1192,a,61,splatcharger,9,7,2,5,2,975,a-,59,bold,6,3,3,11,1,1016,a,78,nzap89,4,3,1,8,2,1100,a-,78,wakaba,7,2,5,7,5,1210,a,85,maneuver_collabo,11,10,1,6,0,1003,a,61,splatroller,14,13,1,6,0,1129,a-,51,nzap89,10,6,4,6,3,1000,a,82
2018-02-23T02:00:00+00:00,2.2.2,gachi,squad_4,area,fujitsubo,89,alpha,TRUE,heroroller_replica,6,6,0,0,1,374,s+,77,wakaba,6,0,6,0,2,461,s+,70,sshooter_collabo,6,5,1,0,1,345,s+,20,96gal,3,0,3,1,1,394,s+,66,hotblaster,1,1,0,4,1,267,s+,67,promodeler_rg,0,0,0,3,3,532,s+,51,sshooter,0,0,0,4,1,338,s+,61,splatroller,0,0,0,0,0,0,s+,67
2018-02-23T02:00:00+00:00,2.2.2,gachi,standard,asari,battera,310,alpha,FALSE,bamboo14mk1,11,10,1,7,5,1420,a,61,nzap89,12,10,2,5,5,1354,a,75,promodeler_mg,10,8,2,10,4,1385,a,86,splatcharger,6,3,3,9,0,585,a-,58,clashblaster,8,6,2,8,1,751,a-,81,nzap85,18,14,4,10,3,1475,a+,52,dualsweeper,10,8,2,5,3,1301,a-,71,promodeler_rg,4,3,1,8,3,1089,a-,50
2018-02-23T02:00:00+00:00,2.2.2,gachi,squad_4,area,fujitsubo,93,bravo,TRUE,heroroller_replica,4,3,1,2,2,429,s+,77,wakaba,3,2,1,2,3,537,s+,70,sshooter_collabo,2,2,0,3,0,331,s+,20,96gal,0,0,0,2,2,429,s+,66,rapid,5,3,2,2,1,440,s+,42,sharp,3,3,0,3,1,330,s+,81,sshooter,3,2,1,1,1,393,s+,72,sputtery_hue,1,1,0,1,2,548,s+,63
2018-02-23T02:00:00+00:00,2.2.2,gachi,standard,asari,battera,300,alpha,FALSE,prime_collabo,12,5,7,3,5,1370,s+,85,hotblaster,13,12,1,8,2,876,s+,133,herocharger_replica,7,6,1,5,4,1077,s+,130,kelvin525,10,6,4,4,4,1168,s+,90,sshooter,11,7,4,8,3,1357,s+,76,bottlegeyser,6,4,2,6,2,747,s+,61,maneuver_collabo,5,3,2,7,1,1233,s+,82,dualsweeper,10,6,4,8,4,1190,s+,57
2018-02-23T02:00:00+00:00,2.2.2,gachi,squad_4,area,bbass,140,bravo,TRUE,sshooter_collabo,3,3,0,4,1,515,s+,77,nzap89,5,4,1,6,2,638,s+,70,96gal,3,2,1,4,1,590,s+,66,sshooter,2,1,1,5,2,494,s+,20,maneuver_collabo,7,7,0,2,2,689,s+,91,sshooter_collabo,7,5,2,3,1,627,s,73,dynamo,5,4,1,2,1,494,s+,74,splatcharger_collabo,3,3,0,3,1,441,s+,75
2018-02-23T02:00:00+00:00,2.2.2,gachi,squad_4,area,fujitsubo,100,bravo,TRUE,sshooter_collabo,3,3,0,1,1,450,s+,77,sshooter,2,1,1,2,2,437,s+,20,96gal,1,0,1,1,2,490,s+,66,nzap89,0,0,0,3,2,496,s+,70,nzap85,4,2,2,0,2,543,s+,91,screwslosher_neo,3,1,2,2,1,401,s+,125,hotblaster,3,2,1,1,1,305,s+,112,barrelspinner_deco,2,2,0,1,2,465,s+,93
2018-02-23T02:00:00+00:00,2.2.2,gachi,standard,asari,gangaze,135,bravo,TRUE,prime_collabo,4,2,2,4,3,645,s+,85,sshooter,4,4,0,5,0,431,s+,94,bold,3,3,0,5,1,431,s+,81,nzap85,0,0,0,0,0,0,s+,75,sshooter,2,1,1,4,0,342,s+,75,barrelspinner_deco,7,6,1,1,2,607,s+,30,nzap85,5,4,1,1,2,579,s+,91,bold,2,2,0,3,0,454,s+,76
2018-02-23T02:00:00+00:00,2.2.2,gachi,squad_4,area,bbass,300,bravo,FALSE,sshooter_collabo,10,8,2,7,1,994,s+,77,sshooter,9,7,2,4,5,1152,s+,20,nzap89,6,4,2,5,5,1193,s+,70,96gal,6,1,5,4,5,1068,s+,66,heroshooter_replica,8,7,1,3,6,1382,s+,71,carbon,7,6,1,4,4,1072,s+,68,soytuber,6,5,1,5,4,937,s+,78,l3reelgun,4,2,2,8,4,1262,s+,87
2018-02-23T02:00:00+00:00,2.2.2,gachi,standard,asari,battera,300,alpha,FALSE,prime_collabo,5,4,1,7,4,1212,s+,85,wakaba,10,6,4,9,5,1288,s+,99,screwslosher,19,15,4,7,2,1108,s+,72,sshooter,14,11,3,9,2,1141,s+,52,screwslosher_neo,14,7,7,9,4,1182,s+,92,maneuver,5,4,1,10,2,1067,s+,46,herocharger_replica,16,10,6,5,5,1158,s+,130,splatroller,11,11,0,12,3,1067,s+,84
2018-02-23T02:00:00+00:00,2.2.2,gachi,squad_4,area,fujitsubo,187,alpha,TRUE,prime_collabo,5,4,1,1,4,792,s+,77,nzap89,8,6,2,4,4,820,s+,70,sshooter,8,7,1,5,2,557,s+,20,96gal,5,4,1,4,3,702,s+,66,rapid,6,5,1,4,4,794,s+,85,carbon,5,4,1,6,2,622,a+,75,dynamo,3,3,0,4,2,584,s+,77,dynamo_tesla,2,2,0,7,1,525,s+,83
2018-02-23T02:00:00+00:00,2.2.2,gachi,standard,asari,battera,318,bravo,FALSE,prime_collabo,9,6,3,6,6,1463,s+,85,sputtery_hue,12,7,5,8,4,1124,s+,72,hotblaster,10,9,1,11,1,678,s+,88,sshooter_collabo,9,7,2,6,4,1260,s+,91,sshooter_collabo,7,7,0,7,4,1124,s+,88,dynamo_tesla,15,10,5,7,6,1288,s+,42,96gal_deco,7,5,2,7,2,979,s+,73,sshooter,10,9,1,8,3,1205,s+,70
2018-02-23T02:00:00+00:00,2.2.2,gachi,squad_4,area,bbass,300,alpha,FALSE,prime_collabo,10,5,5,3,4,1193,s+,77,nzap89,14,12,2,4,4,1102,s+,70,sshooter,12,9,3,8,3,1107,s+,20,96gal,10,2,8,4,4,1159,s+,66,sshooter,8,5,3,6,3,1209,s+,109,bold,7,7,0,6,6,1663,s+,82,prime_collabo,5,4,1,4,3,881,a,63,rapid,4,3,1,12,1,792,s+,52
2018-02-23T02:00:00+00:00,2.2.2,gachi,standard,asari,battera,307,alpha,FALSE,prime_collabo,4,4,0,4,5,1591,s+,85,maneuver_collabo,6,5,1,7,4,1237,s+,65,sshooter_collabo,9,8,1,6,3,1203,s+,91,splatroller,9,8,1,8,2,1069,s+,82,splatspinner,13,11,2,8,3,1210,s+,76,sshooter_collabo,8,6,2,7,3,1232,s+,88,liter4k_scope,8,7,1,4,8,1510,s+,76,52gal,9,1,8,6,2,861,s+,108
2018-02-23T04:00:00+00:00,2.2.2,gachi,standard,hoko,hakofugu,300,bravo,FALSE,prime_collabo,5,4,1,7,2,1132,s+,80,splatroller,11,11,0,6,1,1019,s+,67,longblaster,9,6,3,10,2,922,s+,77,sputtery_hue,7,6,1,10,3,1082,s+,84,nzap85,13,11,2,3,4,1013,s+,63,liter4k_scope,6,5,1,7,5,1208,s+,82,sputtery_hue,12,11,1,9,4,1141,s+,66,96gal_deco,7,6,1,8,0,886,s+,70
2018-02-23T04:00:00+00:00,2.2.2,gachi,standard,hoko,mozuku,241,bravo,TRUE,prime_collabo,7,7,0,5,2,998,s+,80,nzap85,8,3,5,6,2,966,s+,37,splatroller,7,6,1,4,3,879,s+,68,spygadget,7,3,4,3,3,985,s+,65,wakaba,4,2,2,4,3,890,s+,53,nzap85,9,8,1,6,1,707,s+,63,maneuver_collabo,6,4,2,5,2,1058,s+,34,splatspinner,4,4,0,4,5,1251,s+,67
2018-02-23T04:00:00+00:00,2.2.2,regular,standard,nawabari,battera,180,alpha,FALSE,splatscope,2,2,0,1,0,568,,42,squiclean_a,5,2,3,4,3,731,,48,barrelspinner_deco,15,14,1,0,4,1164,,87,momiji,0,0,0,3,4,1280,,34,dualsweeper,2,2,0,4,2,709,,19,splatroller,2,1,1,6,1,539,,30,nzap85,3,2,1,4,3,948,,33,wakaba,6,3,3,4,4,1272,,65
2018-02-23T04:00:00+00:00,2.2.2,gachi,standard,hoko,mozuku,300,bravo,FALSE,prime_collabo,9,8,1,6,2,1305,s+,80,sshooter_collabo,15,14,1,5,2,1191,s+,64,wakaba,9,3,6,8,5,1170,s+,53,screwslosher_neo,10,5,5,7,2,828,s+,54,splatscope,11,10,1,4,3,1124,s+,82,nzap85,8,7,1,7,3,950,s+,63,sshooter_collabo,6,6,0,10,1,1051,s+,64,splatroller,4,3,1,9,3,992,s+,94
2018-02-23T04:00:00+00:00,2.2.2,regular,standard,nawabari,battera,180,alpha,FALSE,nzap85,4,2,2,2,4,1070,,67,sshooter,6,5,1,6,1,739,,56,herocharger_replica,4,3,1,3,2,988,,87,longblaster,5,4,1,4,2,737,,69,nzap89,4,3,1,4,2,833,,48,hissen,1,1,0,2,3,803,,66,rapid,4,2,2,4,1,709,,70,bold,9,9,0,4,3,1201,,41
2018-02-23T04:00:00+00:00,2.2.2,gachi,standard,hoko,hakofugu,303,alpha,FALSE,prime_collabo,9,8,1,5,3,1238,s+,80,nzap85,10,7,3,8,1,709,s+,63,screwslosher_neo,15,11,4,9,4,1007,s+,77,l3reelgun,9,6,3,8,4,1136,s+,116,nzap85,9,4,5,8,5,1070,s+,66,splatscope,5,5,0,6,4,889,s+,82,sshooter_collabo,10,7,3,6,3,1251,s+,68,hotblaster,16,14,2,12,1,777,s+,95
2018-02-23T04:00:00+00:00,2.2.2,gachi,standard,hoko,mozuku,300,alpha,FALSE,nzap85,8,3,5,5,4,1309,s+,67,sshooter,7,4,3,6,2,718,s+,77,bold,8,8,0,8,2,1674,s+,126,splatroller,8,8,0,8,1,898,s+,73,dynamo_tesla,9,3,6,4,6,1187,s+,109,heroshooter_replica,8,7,1,6,4,1134,s+,83,squiclean_a,10,6,4,6,4,1136,s+,46,sshooter,12,11,1,7,4,1002,s+,78
2018-02-23T04:00:00+00:00,2.2.2,gachi,standard,hoko,hakofugu,300,bravo,FALSE,prime_collabo,12,9,3,10,2,946,s+,80,barrelspinner,15,10,5,7,4,1249,s+,86,nzap85,17,9,8,10,3,1116,s+,66,hotblaster,17,13,4,5,3,737,s+,81,sshooter,8,4,4,12,1,879,s+,95,prime_collabo,12,9,3,11,0,720,s+,26,sshooter,7,5,2,10,0,1022,s+,57,prime_collabo,18,14,4,9,2,1134,s+,103
2018-02-23T04:00:00+00:00,2.2.2,gachi,standard,hoko,mozuku,261,bravo,TRUE,nzap85,9,4,5,6,4,1051,s+,67,heroroller_replica,6,3,3,6,2,877,s+,77,herocharger_replica,9,8,1,4,2,984,s+,67,barrelspinner_deco,5,4,1,6,2,882,s+,79,splatroller,7,5,2,6,2,962,s+,73,sshooter,9,7,2,5,2,579,s+,77,maneuver_collabo,10,7,3,3,5,1315,s+,77,rapid,7,3,4,5,3,965,s+,53
2018-02-23T04:00:00+00:00,2.2.2,gachi,standard,hoko,hakofugu,300,alpha,FALSE,prime_collabo,16,12,4,10,3,1082,s+,80,nzap85,9,4,5,11,1,1048,s+,63,sputtery_hue,14,11,3,10,2,858,s+,74,prime,14,11,3,8,3,903,s+,74,screwslosher_neo,18,12,6,9,3,1155,s+,46,prime_collabo,13,13,0,12,1,763,s+,26,prime_collabo,13,7,6,7,3,1068,s+,103,rapid,9,7,2,11,0,851,s+,83
2018-02-23T04:00:00+00:00,2.2.2,gachi,standard,hoko,mozuku,312,bravo,FALSE,nzap85,9,4,5,7,3,1235,s+,67,sputtery_hue,7,7,0,11,4,1274,s+,103,heroroller_replica,6,6,0,9,2,885,s+,112,sshooter,9,8,1,9,2,1267,s+,47,nzap85,8,5,3,6,3,1304,s+,37,sshooter_collabo,19,14,5,8,3,1165,s+,114,maneuver_collabo,13,9,4,8,2,1235,s+,31,dualsweeper,19,8,11,3,5,995,s+,101
2018-02-23T04:00:00+00:00,2.2.2,gachi,standard,hoko,hakofugu,321,alpha,FALSE,prime_collabo,10,9,1,6,2,1133,s+,80,herospinner_replica,12,10,2,7,4,1136,s+,70,maneuver_collabo,14,12,2,8,3,1079,s+,82,bamboo14mk1,6,3,3,7,2,628,s+,54,splatcharger,10,6,4,6,4,1148,s+,91,parashelter,7,5,2,10,3,911,s+,110,hokusai,6,4,2,7,3,863,s+,82,dynamo,14,13,1,11,4,875,s+,133
2018-02-23T04:00:00+00:00,2.2.2,gachi,standard,hoko,hakofugu,303,bravo,FALSE,nzap85,11,9,2,5,6,1427,s+,67,barrelspinner_deco,10,8,2,7,2,794,s+,60,rapid,8,6,2,6,4,1174,s+,73,sputtery,5,4,1,8,2,864,s+,54,bold,7,6,1,10,2,1043,s+,64,nzap85,4,1,3,8,2,955,s+,56,52gal_deco,12,10,2,7,2,1081,s+,73,barrelspinner_deco,9,9,0,4,5,1152,s+,113
2018-02-23T04:00:00+00:00,2.2.2,gachi,standard,hoko,mozuku,309,bravo,FALSE,nzap85,5,3,2,6,5,1250,s+,67,dualsweeper,8,4,4,11,4,1166,s+,37,hissen,11,9,2,8,4,936,s+,45,parashelter,7,5,2,12,3,1029,s+,59,52gal_deco,15,15,0,6,2,1271,s+,118,barrelspinner_deco,11,8,3,6,1,966,s+,113,liter4k_scope,4,2,2,4,4,1371,s+,43,heroroller_replica,14,11,3,5,2,876,s+,54
2018-02-23T04:00:00+00:00,2.2.2,gachi,standard,hoko,hakofugu,340,alpha,FALSE,nzap85,4,1,3,8,4,1175,s+,67,hissen,10,8,2,10,2,1144,s+,124,maneuver_collabo,11,9,2,11,3,1176,s+,87,sputtery,14,12,2,6,3,1152,s+,74,hissen,8,1,7,9,4,810,s+,45,nzap85,15,11,4,11,4,1265,s+,77,jetsweeper,16,14,2,2,7,1393,s+,29,nzap85,14,9,5,9,3,1345,s+,31
2018-02-23T04:00:00+00:00,2.2.2,gachi,squad_2,yagura,manta,254,alpha,TRUE,splatroller_collabo,23,20,3,4,4,883,s+,77,longblaster,10,5,5,5,3,768,s+,70,52gal_deco,7,7,0,5,3,890,s+,70,herospinner_replica,4,1,3,5,3,926,s+,111,heroshooter_replica,9,8,1,10,3,1004,s+,80,maneuver_collabo,6,5,1,7,3,824,s+,106,rapid,5,3,2,7,2,894,s+,85,nzap89,3,3,0,9,1,472,a+,74
2018-02-23T04:00:00+00:00,2.2.2,gachi,standard,hoko,mozuku,300,bravo,FALSE,bamboo14mk1,6,6,0,9,3,785,a-,61,splatroller,14,12,2,11,1,716,a-,35,momiji,7,3,4,10,3,1056,a-,38,splatscope_collabo,4,3,1,6,2,847,a-,59,sshooter,12,11,1,7,1,960,a-,45,longblaster,10,8,2,5,2,874,a-,44,sputtery_hue,11,11,0,6,3,1040,a-,50,jetsweeper,11,6,5,6,3,790,a-,67
2018-02-23T04:00:00+00:00,2.2.2,gachi,squad_2,yagura,ama,240,bravo,TRUE,splatroller_collabo,5,5,0,6,2,709,s+,77,hissen,6,3,3,11,2,718,s,51,52gal_deco,3,2,1,9,2,957,s+,70,nzap85,1,1,0,10,2,914,s+,47,sharp,17,11,6,2,6,1185,s+,65,carbon,16,14,2,5,4,784,s+,90,nzap85,11,5,6,3,5,1021,s+,121,heromaneuver_replica,8,6,2,1,8,1142,s+,138
2018-02-23T04:00:00+00:00,2.2.2,gachi,standard,hoko,hakofugu,173,bravo,TRUE,bamboo14mk1,7,6,1,4,3,776,a-,61,nzap89,3,2,1,7,0,454,a-,69,nzap85,3,3,0,6,0,362,a-,34,splatcharger,3,3,0,0,2,452,a-,51,nzap85,6,1,5,4,1,472,a-,62,bold,6,6,0,4,2,525,a-,61,sshooter,8,6,2,4,0,549,a-,45,nzap85,8,4,4,2,3,690,a-,47
2018-02-23T04:00:00+00:00,2.2.2,gachi,squad_2,yagura,manta,319,alpha,FALSE,heroroller_replica,14,11,3,7,4,922,s+,77,hotblaster,19,14,5,8,4,1039,s+,101,52gal_deco,11,9,2,4,6,1307,s+,70,parashelter,9,4,5,8,5,1221,s+,60,sshooter,12,10,2,12,1,1016,s+,64,nzap85,9,5,4,9,4,1326,s+,67,hotblaster,8,7,1,9,4,989,s+,71,rapid_elite,6,5,1,8,4,1061,s+,64
2018-02-23T04:00:00+00:00,2.2.2,gachi,standard,hoko,hakofugu,308,bravo,FALSE,bamboo14mk1,12,10,2,7,4,1212,a-,61,splatroller,4,4,0,9,2,845,a-,56,nzap85,11,7,4,7,2,934,a-,57,h3reelgun,7,5,2,10,3,1027,a,48,splatroller,12,12,0,7,3,1114,a-,70,nzap85,12,7,5,7,2,977,a-,47,prime,15,12,3,8,3,1089,a-,78,splatscope,2,2,0,4,4,765,a-,61
2018-02-23T04:00:00+00:00,2.2.2,gachi,squad_2,yagura,ama,155,alpha,TRUE,heroroller_replica,17,16,1,1,3,771,s+,77,screwslosher,11,3,8,3,0,393,s+,88,52gal_deco,8,5,3,0,3,664,s+,70,wakaba,5,1,4,2,5,929,s+,88,nzap89,3,3,0,6,2,760,,17,dualsweeper,3,1,2,6,1,549,b-,20,herobrush_replica,2,1,1,5,1,447,s+,62,nzap85,1,1,0,8,0,475,s+,76
2018-02-23T04:00:00+00:00,2.2.2,gachi,standard,hoko,hakofugu,314,bravo,FALSE,bamboo14mk1,4,4,0,10,3,921,a-,61,promodeler_mg,7,5,2,10,4,1158,a,81,maneuver_collabo,11,6,5,9,2,885,a-,32,splatroller,8,7,1,10,3,1113,a-,31,splatscope,10,8,2,2,3,1086,a+,58,splatroller,20,18,2,9,3,1103,a,34,screwslosher,14,8,6,7,2,873,a,78,nzap85,10,5,5,5,3,1069,a-,47
2018-02-23T04:00:00+00:00,2.2.2,gachi,squad_2,yagura,ama,303,alpha,FALSE,heroroller_replica,15,14,1,7,4,1128,s+,77,wakaba,13,6,7,4,8,1598,s+,88,52gal_deco,12,7,5,6,5,1247,s+,70,screwslosher,11,6,5,8,1,701,s+,88,nzap89,10,8,2,8,7,1676,s+,73,heroblaster_replica,9,9,0,10,3,973,s+,102,liter4k_scope,6,4,2,5,4,1009,s+,59,rapid_deco,6,4,2,10,2,822,s+,76
2018-02-23T04:00:00+00:00,2.2.2,gachi,standard,hoko,hakofugu,302,alpha,FALSE,bamboo14mk1,7,5,2,8,4,936,a-,61,bold,11,11,0,8,4,1186,a-,53,prime,9,7,2,9,2,792,a-,64,nzap85,7,6,1,10,0,577,a-,28,heroroller_replica,14,13,1,7,5,1064,a,41,herocharger_replica,8,8,0,5,4,870,a+,58,nzap89,6,4,2,9,2,851,a,46,screwslosher,12,9,3,8,3,765,a,78
2018-02-23T04:00:00+00:00,2.2.2,gachi,standard,hoko,mozuku,56,bravo,TRUE,hotblaster,3,2,1,3,0,160,s+,65,sputtery_hue,3,0,3,3,0,123,s+,38,prime_collabo,2,2,0,3,0,186,s+,51,sshooter,1,1,0,3,0,159,s+,40,barrelspinner,4,3,1,1,1,176,s+,69,sputtery,5,5,0,1,0,328,s+,74,clashblaster,4,3,1,1,0,183,s+,67,heroshooter_replica,1,0,1,2,0,94,s+,75
2018-02-23T04:00:00+00:00,2.2.2,gachi,squad_2,yagura,ama,198,alpha,TRUE,heroroller_replica,9,8,1,5,2,730,s+,77,sshooter,11,9,2,3,4,887,s+,74,spygadget,7,6,1,3,6,946,s+,71,52gal_deco,5,4,1,3,3,842,s+,70,hokusai_hue,5,5,0,6,5,937,s+,80,bold,5,5,0,7,2,853,s+,71,heroshooter_replica,3,2,1,10,0,450,s,64,liter4k,2,2,0,4,3,735,b,62
2018-02-23T06:00:00+00:00,2.2.2,gachi,standard,yagura,chozame,300,bravo,FALSE,nzap85,12,5,7,8,3,1104,s+,65,prime_collabo,10,9,1,8,3,836,s+,89,sshooter,14,9,5,10,1,783,s+,74,screwslosher_neo,9,3,6,11,1,629,s+,44,nzap85,12,9,3,6,5,1098,s+,80,hotblaster,19,17,2,6,5,960,s+,111,sputtery_hue,10,3,7,9,3,714,s+,81,herospinner_replica,10,8,2,5,3,885,s+,73
2018-02-23T06:00:00+00:00,2.2.2,gachi,standard,yagura,chozame,321,alpha,FALSE,rapid,15,8,7,10,2,825,a-,61,splatroller,8,7,1,7,1,786,a,73,screwslosher_neo,13,9,4,9,2,980,a-,41,splatcharger,10,10,0,5,2,792,a-,47,herocharger_replica,8,8,0,6,5,1060,a-,60,splatroller,6,6,0,11,2,629,a-,49,heroroller_replica,13,11,2,8,3,723,a-,54,hissen,11,6,5,9,3,980,a,76
2018-02-23T06:00:00+00:00,2.2.2,gachi,standard,yagura,arowana,197,bravo,TRUE,hotblaster,4,2,2,7,1,380,s+,65,splatcharger,4,4,0,2,3,606,s+,64,rapid_deco,2,2,0,6,0,585,s+,59,maneuver_collabo,4,3,1,6,1,783,s+,73,splatcharger,7,5,2,2,3,580,s+,79,nzap85,6,1,5,3,3,714,s+,85,hotblaster,9,7,2,4,3,653,s+,113,maneuver_collabo,9,7,2,2,4,727,s+,65
2018-02-23T06:00:00+00:00,2.2.2,gachi,standard,yagura,arowana,225,alpha,TRUE,rapid,10,4,6,3,2,736,a-,61,sshooter_collabo,7,5,2,6,3,674,a-,41,screwslosher_neo,8,5,3,6,4,763,a-,41,nzap89,7,7,0,4,4,711,a,55,sshooter_collabo,10,9,1,5,2,761,a-,97,splatcharger,2,2,0,3,2,570,a-,70,carbon,3,3,0,6,2,579,a-,112,nzap89,6,5,1,7,3,684,a-,37
2018-02-23T06:00:00+00:00,2.2.2,gachi,standard,yagura,chozame,305,alpha,FALSE,hotblaster,16,10,6,8,3,563,s+,65,heroshelter_replica,14,9,5,10,4,1457,s+,87,splatroller,9,6,3,10,2,935,s+,101,rapid,14,10,4,8,2,787,s+,83,heroroller_replica,9,8,1,13,1,820,s+,70,hissen,10,5,5,9,2,685,s+,91,hotblaster,13,10,3,9,3,757,s+,80,barrelspinner,15,12,3,4,5,1148,s+,74
2018-02-23T06:00:00+00:00,2.2.2,gachi,standard,yagura,arowana,300,bravo,FALSE,rapid,5,2,3,9,2,925,a-,61,heroshooter_replica,9,7,2,13,0,633,a-,50,nova,4,4,0,9,1,544,a,77,nzap85,9,7,2,7,2,741,a-,65,heroroller_replica,12,10,2,6,1,448,a-,47,nzap89,17,16,1,3,7,1158,a,57,heroshooter_replica,6,5,1,7,2,649,a-,97,jetsweeper_custom,10,7,3,4,4,1012,a-,47
2018-02-23T06:00:00+00:00,2.2.2,gachi,squad_2,area,gangaze,90,alpha,TRUE,heroroller_replica,6,4,2,1,1,342,s+,77,parashelter,6,4,2,2,1,353,s+,76,sshooter_collabo,4,3,1,1,1,428,s+,115,52gal_deco,2,2,0,3,0,403,s+,70,squiclean_a,3,3,0,3,1,310,b,20,bucketslosher,2,2,0,3,1,472,s+,61,pablo,1,1,0,4,1,281,s+,41,hokusai,1,1,0,3,1,257,b-,24
2018-02-23T06:00:00+00:00,2.2.2,gachi,squad_2,area,zatou,109,alpha,TRUE,heroroller_replica,6,6,0,1,2,567,s+,77,longblaster,6,3,3,1,2,466,s+,103,52gal,5,1,4,1,2,393,s+,70,screwslosher,4,4,0,2,1,426,s+,98,dualsweeper,2,1,1,4,2,510,s,66,prime_collabo,2,2,0,3,2,452,s+,72,jetsweeper,2,1,1,3,2,453,s+,71,carbon,1,1,0,4,1,296,s+,74
2018-02-23T06:00:00+00:00,2.2.2,gachi,standard,yagura,chozame,300,alpha,FALSE,rapid_elite,10,5,5,8,3,926,a-,61,maneuver,10,7,3,9,2,402,a-,41,nzap85,15,6,9,3,6,1282,a-,66,sshooter,20,15,5,4,6,1374,a,76,nzap85,15,14,1,10,3,1026,a+,54,bucketslosher_deco,5,3,2,11,3,1014,a-,72,splatcharger,1,1,0,7,0,655,a,44,dualsweeper,8,5,3,7,4,1274,a,52
2018-02-23T06:00:00+00:00,2.2.2,gachi,standard,yagura,chozame,80,alpha,TRUE,hotblaster,5,4,1,2,1,291,a,73,jetsweeper_custom,3,2,1,0,1,424,a,58,screwslosher,3,3,0,1,1,209,a-,23,sshooter,3,2,1,1,1,355,a,75,nzap89,3,3,0,2,1,411,a+,63,prime,3,0,3,2,1,339,a+,38,,0,0,0,5,0,160,a,24,hydra,1,1,0,4,0,156,a,69
2018-02-23T06:00:00+00:00,2.2.2,gachi,standard,yagura,arowana,309,alpha,FALSE,hotblaster,13,5,8,9,3,582,s+,65,52gal_deco,18,18,0,4,4,1018,s+,106,rapid_deco,14,9,5,5,3,973,s+,96,splatcharger,5,4,1,5,2,880,s+,67,hotblaster,6,6,0,11,2,646,s+,56,sshooter,10,9,1,9,3,1009,s+,74,bucketslosher_deco,5,3,2,11,2,815,s+,69,bottlegeyser,6,5,1,5,4,844,s+,88
2018-02-23T06:00:00+00:00,2.2.2,gachi,squad_2,area,gangaze,218,bravo,TRUE,heroroller_replica,6,6,0,6,4,942,s+,77,prime_collabo,9,9,0,8,4,981,s+,89,52gal,7,2,5,6,3,690,s+,70,sputtery_hue,2,1,1,10,2,763,s+,79,hokusai,13,12,1,4,3,754,s+,64,sshooter_collabo,11,6,5,4,2,945,s+,84,wakaba,10,5,5,5,4,1126,s+,64,sshooter_collabo,9,7,2,5,3,753,s+,90
2018-02-23T06:00:00+00:00,2.2.2,gachi,standard,yagura,chozame,302,alpha,FALSE,hotblaster,10,9,1,8,3,806,a,73,rapid,8,7,1,10,3,1015,a+,39,heroroller_replica,6,4,2,7,3,892,a+,58,96gal,9,8,1,8,4,976,a+,63,splatroller,9,8,1,6,3,1136,a+,42,rapid_elite,5,1,4,9,3,953,a+,35,splatroller_collabo,17,16,1,5,2,723,a+,52,splatcharger,9,8,1,8,1,752,a+,80
2018-02-23T06:00:00+00:00,2.2.2,gachi,standard,yagura,arowana,306,bravo,FALSE,rapid_elite,13,10,3,8,3,970,a-,61,bold,10,9,1,11,4,1057,a,71,prime_collabo,1,1,0,0,0,0,a-,59,sputtery,5,3,2,10,3,1047,a-,29,clashblaster,13,9,4,8,3,785,a-,87,nzap85,12,6,6,6,4,862,a,66,dynamo_tesla,9,5,4,8,2,617,a-,35,splatscope,12,9,3,2,4,1071,a,61
2018-02-23T06:00:00+00:00,2.2.2,gachi,standard,yagura,arowana,304,bravo,FALSE,hotblaster,18,14,4,4,3,719,s+,65,barrelspinner,7,5,2,6,4,975,s+,51,dynamo,9,8,1,8,3,969,s+,100,splatcharger,9,6,3,9,2,744,s+,76,splatscope_collabo,8,7,1,9,1,804,s+,79,nova,9,7,2,10,1,633,s+,56,jetsweeper_custom,10,7,3,7,2,873,s+,48,barrelspinner,8,6,2,7,4,1108,s+,114
2018-02-23T06:00:00+00:00,2.2.2,gachi,standard,yagura,arowana,269,alpha,TRUE,rapid_elite,15,10,5,6,4,924,a-,61,nzap85,8,3,5,6,4,917,a-,37,nzap85,16,11,5,5,3,755,a-,51,heroroller_replica,8,8,0,8,1,386,a-,52,nzap89,13,11,2,7,3,1067,a-,63,sshooter,8,3,5,8,0,598,a-,88,hokusai,12,6,6,7,1,433,a-,47,screwslosher,7,5,2,11,0,700,a-,61
2018-02-23T06:00:00+00:00,2.2.2,gachi,standard,yagura,arowana,300,bravo,FALSE,hotblaster,4,3,1,5,2,599,s+,65,wakaba,13,11,2,7,6,1136,s+,64,bamboo14mk1,4,3,1,6,5,1032,s+,80,herocharger_replica,3,3,0,6,2,833,s+,65,bucketslosher,13,7,6,3,6,1257,s+,81,longblaster,8,7,1,3,5,1205,s+,66,variableroller_foil,6,6,0,4,4,827,s+,54,splatscope,4,3,1,10,1,673,s+,73
2018-02-23T06:00:00+00:00,2.2.2,gachi,standard,yagura,arowana,300,alpha,FALSE,rapid_elite,7,2,5,9,3,736,a-,61,nzap85,12,9,3,7,2,899,a-,48,nova,15,11,4,8,3,855,a-,46,hotblaster,12,10,2,6,1,727,a-,42,rapid_elite,3,1,2,3,2,0,a-,56,rapid_deco,14,11,3,10,1,698,a,51,heroshooter_replica,11,5,6,8,0,923,a,74,hotblaster_custom,14,11,3,11,1,741,a+,66
2018-02-23T06:00:00+00:00,2.2.2,gachi,standard,yagura,arowana,176,bravo,TRUE,hotblaster,6,4,2,5,1,329,s+,65,bucketslosher,2,2,0,6,2,593,s+,81,nzap85,6,3,3,7,1,547,s+,98,maneuver_collabo,1,1,0,6,1,522,s+,54,maneuver_collabo,6,3,3,3,3,556,s+,113,sshooter_collabo,12,11,1,3,2,697,s+,77,herospinner_replica,6,5,1,1,3,678,s+,105,bucketslosher,6,5,1,3,3,555,s+,84
2018-02-23T06:00:00+00:00,2.2.2,gachi,standard,yagura,chozame,300,bravo,FALSE,hotblaster,7,5,2,8,1,575,a,73,pablo,6,5,1,7,3,800,a,38,splatroller,9,8,1,5,5,1033,a+,50,sputtery,10,9,1,11,2,996,a+,90,heroroller_replica,9,8,1,9,3,629,a,46,sputtery_hue,13,10,3,8,2,827,a-,31,jetsweeper_custom,7,4,3,4,4,900,a+,78,nzap85,15,9,6,6,4,1215,a+,35
2018-02-23T06:00:00+00:00,2.2.2,gachi,standard,yagura,arowana,329,bravo,FALSE,nzap85,15,13,2,8,3,1070,s+,65,carbon,7,5,2,9,4,1094,s+,88,clashblaster,10,9,1,9,3,652,s+,85,longblaster,9,3,6,15,3,805,s+,42,herobrush_replica,11,9,2,10,1,680,s+,79,parashelter,13,8,5,6,4,1178,s+,91,clashblaster,12,9,3,8,3,676,s+,73,herocharger_replica,15,14,1,6,5,1116,s+,78
2018-02-23T06:00:00+00:00,2.2.2,gachi,standard,yagura,arowana,155,alpha,TRUE,rapid_elite,5,2,3,3,2,535,a-,61,sputtery,5,4,1,1,1,510,a,39,nzap85,8,5,3,2,3,620,a-,57,heroroller_replica,9,8,1,3,1,417,a,43,sshooter_collabo,4,4,0,4,0,472,a-,42,splatscope,1,1,0,4,0,464,a-,41,heroshelter_replica,3,2,1,5,0,436,a,61,nzap89,3,2,1,6,1,481,a-,47
2018-02-23T06:00:00+00:00,2.2.2,gachi,standard,yagura,arowana,268,bravo,TRUE,rapid_elite,4,0,4,9,2,747,a-,61,sputtery,5,5,0,8,0,659,a+,65,splatroller,9,9,0,4,2,576,a,68,soytuber,5,5,0,9,1,445,a,77,heroshelter_replica,11,10,1,3,4,789,a,61,splatcharger,5,4,1,4,4,724,a-,23,screwslosher_neo,7,4,3,8,4,751,a-,51,nova,12,11,1,4,4,601,a-,50
2018-02-23T06:00:00+00:00,2.2.2,regular,standard,nawabari,tachiuo,180,alpha,,nzap85,10,10,0,2,2,850,,65,maneuver,3,3,0,2,4,1016,,38,sshooter,3,3,0,3,1,725,,32,splatroller,2,2,0,1,2,534,,42,bold,3,3,0,5,1,876,,36,maneuver,4,3,1,2,3,873,,34,nzap89,2,2,0,7,0,478,,57,splatroller,0,0,0,6,0,137,,17
2018-02-23T06:00:00+00:00,2.2.2,gachi,standard,yagura,chozame,180,alpha,TRUE,rapid_elite,5,3,2,5,3,588,a-,61,sshooter,5,3,2,3,2,650,a-,32,nzap85,13,9,4,2,4,1045,a-,45,nova,6,6,0,2,2,528,a+,66,liter4k_custom,3,3,0,8,0,350,a,44,dualsweeper,4,1,3,3,2,674,a-,69,nzap89,3,3,0,6,3,691,a-,92,sputtery_hue,5,5,0,5,3,777,a-,50
2018-02-23T06:00:00+00:00,2.2.2,regular,standard,nawabari,tachiuo,180,alpha,,nzap85,4,4,0,3,2,768,,65,bold,6,4,2,2,3,894,,36,carbon,5,4,1,3,3,824,,44,splatroller,4,4,0,3,1,400,,42,barrelspinner,5,5,0,2,1,687,,82,sshooter,2,1,1,5,1,634,,32,nzap85,5,2,3,6,2,619,,62,barrelspinner,0,0,0,4,0,121,,17
2018-02-23T06:00:00+00:00,2.2.2,gachi,standard,yagura,arowana,129,bravo,TRUE,rapid_elite,3,3,0,5,1,441,a-,61,sshooter,2,1,1,3,1,443,a-,32,hokusai,3,2,1,4,0,357,a,78,splatroller,2,2,0,4,1,328,a-,29,dualsweeper,5,2,3,1,3,586,a,60,nzap85,7,3,4,2,2,543,a,61,barrelspinner,7,6,1,2,1,525,a,60,sshooter_collabo,7,5,2,3,0,458,a+,64
2018-02-23T06:00:00+00:00,2.2.2,gachi,standard,yagura,chozame,308,alpha,FALSE,rapid_elite,10,8,2,8,4,1054,a-,61,splatscope,4,4,0,9,0,581,a-,70,hotblaster,10,7,3,10,2,778,a,50,screwslosher_neo,9,6,3,9,1,530,a-,52,soytuber,8,5,3,7,6,1062,a-,58,hokusai,2,0,2,3,0,0,a,47,nzap85,24,22,2,5,5,1217,a,61,longblaster,11,8,3,10,2,733,a-,44
2018-02-23T06:00:00+00:00,2.2.2,gachi,squad_2,area,zatou,133,alpha,TRUE,heroroller_replica,10,8,2,2,2,627,s+,77,52gal,8,4,4,2,2,516,s+,70,nzap85,6,3,3,0,2,643,s+,61,splatscope,4,4,0,1,1,362,b,20,heroblaster_replica,3,1,2,5,1,351,s+,100,dualsweeper,2,2,0,4,3,747,s+,121,bucketslosher,2,2,0,5,1,507,s+,49,splatroller,0,0,0,5,1,435,a+,49
2018-02-23T06:00:00+00:00,2.2.2,gachi,standard,yagura,chozame,96,bravo,TRUE,hotblaster,2,2,0,4,0,278,a,73,nzap85,2,1,1,2,2,516,a+,29,heroroller_replica,1,1,0,3,0,388,a,44,splatcharger,0,0,0,3,0,185,a,34,nzap89,4,4,0,1,3,630,a+,63,wakaba,8,5,3,2,2,436,a,30,liter4k,2,1,1,0,2,296,a+,50,splatroller,2,1,1,1,1,291,a+,56
2018-02-23T06:00:00+00:00,2.2.2,gachi,squad_2,area,gangaze,220,bravo,TRUE,heroroller_replica,3,3,0,5,3,936,s+,77,52gal,7,5,2,5,3,726,s+,70,splatroller_collabo,6,5,1,7,3,723,s+,93,screwslosher,1,1,0,7,1,538,b-,31,nzap85,13,8,5,3,4,995,s+,107,prime_collabo,10,8,2,3,2,732,s+,73,maneuver_collabo,6,5,1,4,2,666,s+,97,splatscope_collabo,4,3,1,4,2,829,b+,55
2018-02-23T06:00:00+00:00,2.2.2,gachi,standard,yagura,arowana,300,alpha,FALSE,rapid_elite,11,8,3,5,5,1204,a-,61,hotblaster,9,6,3,9,2,678,a,50,nzap85,7,7,0,5,4,830,a+,48,nzap85,8,8,0,8,2,924,a,61,nzap89,11,6,5,6,5,1145,a+,85,soytuber,9,8,1,5,5,1047,a-,58,bold,7,6,1,11,2,618,a,44,nzap89,11,6,5,7,2,614,a-,36
2018-02-23T06:00:00+00:00,2.2.2,gachi,standard,yagura,chozame,90,alpha,TRUE,nzap85,3,2,1,2,1,389,a,73,longblaster,7,7,0,1,1,313,a+,47,liter4k,1,1,0,2,1,225,a-,50,sputtery,0,0,0,3,1,367,a-,26,rapid_elite,1,1,0,4,0,161,a-,37,splatroller,4,4,0,1,1,295,a-,44,liter4k_scope,0,0,0,2,1,407,a+,81,hotblaster,3,2,1,3,0,333,a,69
2018-02-23T06:00:00+00:00,2.2.2,gachi,standard,yagura,chozame,300,alpha,FALSE,nzap85,10,9,1,7,4,1121,a+,73,hotblaster,20,15,5,9,3,939,a+,44,sputtery,10,6,4,10,1,544,a+,26,sshooter,9,5,4,3,2,963,a-,22,sshooter_collabo,15,10,5,9,3,1104,a-,52,splatcharger,2,1,1,7,2,773,a+,27,soytuber,8,6,2,8,2,672,a,35,nzap85,16,11,5,11,4,951,a+,72
2018-02-23T08:00:00+00:00,2.2.2,gachi,standard,hoko,zatou,306,alpha,FALSE,screwslosher,11,8,3,6,2,1013,s+,119,hotblaster_custom,14,11,3,8,2,1033,s+,76,maneuver_collabo,10,6,4,8,4,1006,s+,48,nzap89,10,7,3,7,6,1485,s+,103,herocharger_replica,12,11,1,5,4,1054,s+,86,bucketslosher_deco,12,4,8,11,2,939,s+,77,hotblaster,7,4,3,7,1,805,s+,87,nzap85,13,10,3,9,6,1741,s+,84
2018-02-23T08:00:00+00:00,2.2.2,gachi,standard,hoko,devon,331,bravo,FALSE,screwslosher,12,11,1,4,3,956,s+,119,maneuver,9,4,5,6,5,1141,s+,54,nzap85,11,8,3,8,3,942,s+,101,nzap85,14,10,4,7,5,1262,s+,77,heroroller_replica,12,10,2,7,3,1156,s+,50,hissen,9,5,4,13,1,656,s+,74,sshooter,11,5,6,9,3,1048,s+,78,splatscope,6,5,1,4,6,1134,s+,63
2018-02-23T08:00:00+00:00,2.2.2,gachi,standard,hoko,devon,300,alpha,FALSE,sshooter,8,7,1,7,3,1248,s,73,hotblaster_custom,9,8,1,10,1,496,s,92,heroshooter_replica,5,1,4,8,3,1042,s,53,sputtery,10,8,2,6,4,1313,s,80,wakaba,19,12,7,7,5,921,s,45,nzap85,12,10,2,6,3,1070,s,64,jetsweeper_custom,12,3,9,4,2,1095,s,61,nzap85,14,6,8,7,4,1105,s,94
2018-02-23T08:00:00+00:00,2.2.2,gachi,standard,hoko,devon,193,alpha,TRUE,screwslosher,7,7,0,2,1,724,s+,119,52gal_deco,5,4,1,5,3,603,s+,154,barrelspinner,5,3,2,6,1,588,s+,75,heroroller_replica,5,5,0,5,2,649,s+,69,herospinner_replica,10,9,1,6,2,447,s+,72,nzap85,5,3,2,4,2,850,s+,63,bucketslosher,5,3,2,3,4,875,s+,78,longblaster,3,3,0,6,1,685,s+,92
2018-02-23T08:00:00+00:00,2.2.2,gachi,standard,hoko,devon,300,bravo,FALSE,sshooter,10,8,2,10,3,995,s,73,dynamo_tesla,8,4,4,9,3,928,s,35,splatroller,6,5,1,12,0,549,s,67,carbon,7,5,2,9,3,1054,s,72,sshooter_collabo,11,8,3,6,2,954,s,45,herospinner_replica,9,8,1,3,4,1052,s,68,hokusai,12,9,3,6,2,721,s,73,52gal_deco,17,15,2,7,2,1247,s,64
2018-02-23T08:00:00+00:00,2.2.2,gachi,standard,hoko,devon,300,alpha,FALSE,screwslosher,10,9,1,3,2,733,s+,119,dynamo,11,11,0,7,1,691,s+,107,maneuver_collabo,2,2,0,8,3,1126,s+,84,nzap85,4,3,1,5,2,1020,s+,86,bucketslosher,9,6,3,6,6,1047,s+,78,96gal_deco,7,3,4,5,2,895,s+,65,wakaba,7,4,3,8,5,1074,s+,84,heroroller_replica,9,8,1,6,2,751,s+,83
2018-02-23T08:00:00+00:00,2.2.2,gachi,standard,hoko,zatou,72,alpha,TRUE,screwslosher,7,6,1,0,1,331,s+,119,52gal_deco,1,0,1,2,0,242,s+,80,momiji,3,2,1,0,2,574,s+,61,hotblaster,5,3,2,1,1,324,s+,127,heroroller_replica,2,2,0,2,1,315,s+,50,wakaba,0,0,0,2,1,397,s+,126,sshooter,0,0,0,4,0,285,s+,41,sputtery,1,1,0,4,0,215,s+,57
2018-02-23T08:00:00+00:00,2.2.2,gachi,standard,hoko,devon,127,alpha,TRUE,screwslosher,4,4,0,2,1,532,s+,119,sputtery_hue,1,0,1,4,2,562,s+,133,sshooter,2,2,0,3,0,394,s+,94,herospinner_replica,2,1,1,4,0,354,s+,91,maneuver,1,1,0,3,2,533,s+,54,barrelspinner,2,2,0,2,1,566,s+,73,hotblaster,6,4,2,1,2,377,s+,63,splatcharger,6,6,0,1,2,387,s+,64
2018-02-23T08:00:00+00:00,2.2.2,gachi,standard,hoko,devon,306,alpha,FALSE,screwslosher,14,9,5,3,4,981,s+,119,hotblaster,11,6,5,8,1,626,s+,42,sshooter,5,2,3,7,1,1146,s+,78,hydra,11,8,3,5,1,497,s+,78,sshooter,10,7,3,9,0,663,s+,75,squiclean_a,7,4,3,8,3,610,s+,73,maneuver_collabo,6,5,1,4,6,999,s+,64,hotblaster,10,7,3,4,3,1102,s+,62
2018-02-23T08:00:00+00:00,2.2.2,gachi,standard,hoko,devon,145,alpha,TRUE,screwslosher,9,9,0,2,1,773,s+,119,squiclean_a,6,3,3,4,0,337,s+,73,herocharger_replica,5,3,2,3,1,417,s+,79,bottlegeyser,3,2,1,2,1,378,s+,62,sputtery_hue,3,3,0,6,0,394,s+,58,bucketslosher_deco,4,2,2,3,2,481,s+,95,nzap85,6,2,4,4,2,696,s+,60,hydra,5,4,1,4,0,268,s+,78
2018-02-23T08:00:00+00:00,2.2.2,gachi,standard,hoko,zatou,58,alpha,TRUE,pablo,5,3,2,2,1,279,s+,91,herocharger_replica,3,3,0,1,0,161,s+,31,nzap85,5,2,3,1,1,240,s+,64,splatroller,4,3,1,0,1,333,s+,81,sputtery_hue,1,1,0,3,0,260,s+,60,maneuver_collabo,3,3,0,4,0,136,s+,44,splatcharger,0,0,0,1,0,166,s+,55,screwslosher_neo,3,0,3,3,0,201,s+,51
2018-02-23T08:00:00+00:00,2.2.2,gachi,standard,hoko,zatou,300,bravo,FALSE,screwslosher,15,12,3,6,2,1166,s+,119,sharp,12,8,4,12,1,851,s+,82,sputtery_hue,8,5,3,5,6,1353,s+,102,splatroller,7,7,0,12,0,628,s+,79,sharp,11,6,5,8,4,1109,s+,90,squiclean_a,7,5,2,9,3,951,s+,73,bottlegeyser,14,11,3,6,3,918,s+,62,sshooter_collabo,15,13,2,9,1,1084,s+,77
2018-02-23T08:00:00+00:00,2.2.2,gachi,standard,hoko,zatou,101,alpha,TRUE,pablo,3,2,1,1,2,500,s+,91,hotblaster,4,3,1,2,0,234,s+,58,maneuver_collabo,3,2,1,2,2,592,s+,62,sshooter_collabo,3,3,0,3,1,501,s+,56,prime_collabo,5,4,1,1,1,393,s+,34,splatroller,2,1,1,5,0,247,s+,64,hotblaster,2,1,1,1,0,0,s+,92,sshooter,2,2,0,4,0,537,s+,65
2018-02-23T08:00:00+00:00,2.2.2,gachi,standard,hoko,zatou,300,bravo,FALSE,pablo,10,10,0,9,4,1276,s+,91,heroshooter_replica,11,8,3,10,2,1114,s+,71,splatcharger,9,6,3,5,4,955,s+,65,sshooter_collabo,6,4,2,14,0,980,s+,82,hotblaster,11,6,5,9,3,789,s+,77,sshooter,13,11,2,7,3,1235,s+,87,jetsweeper_custom,7,2,5,5,3,864,s+,46,nzap85,18,17,1,7,2,1488,s+,77
2018-02-23T08:00:00+00:00,2.2.2,gachi,standard,hoko,devon,125,alpha,TRUE,screwslosher,3,3,0,0,1,445,s+,119,splatroller,2,2,0,4,1,336,s+,69,sshooter,5,4,1,2,2,562,s+,83,rapid_deco,6,5,1,2,1,491,s+,102,herocharger_replica,2,0,2,2,2,433,s+,77,52gal_deco,5,5,0,3,2,536,s+,73,heroshelter_replica,2,2,0,4,0,411,s+,60,maneuver_collabo,2,1,1,5,1,371,s+,113
2018-02-23T08:00:00+00:00,2.2.2,gachi,standard,hoko,devon,300,alpha,FALSE,screwslosher,12,9,3,3,1,912,s+,119,clashblaster,8,6,2,7,2,774,s+,63,bamboo14mk1,6,4,2,7,2,911,s+,71,sshooter,15,12,3,7,3,1082,s+,83,maneuver_collabo,5,3,2,6,4,958,s+,81,52gal_deco,6,6,0,7,1,937,s+,103,barrelspinner,15,13,2,8,3,850,s+,81,nzap85,4,1,3,10,2,1013,s+,73
2018-02-23T08:00:00+00:00,2.2.2,gachi,standard,hoko,devon,56,alpha,TRUE,pablo,0,0,0,2,0,164,s+,91,splatroller,1,1,0,1,0,196,s+,81,maneuver_collabo,3,3,0,2,1,312,s+,81,parashelter,1,1,0,0,1,349,s+,77,heroroller_replica,2,2,0,3,0,69,s+,58,soytuber,0,0,0,2,0,177,s+,75,splatcharger_collabo,0,0,0,0,1,257,s+,74,herobrush_replica,3,3,0,0,0,292,s+,53
2018-02-23T08:00:00+00:00,2.2.2,gachi,standard,hoko,zatou,300,alpha,FALSE,pablo,19,14,5,8,4,1148,s+,91,barrelspinner_deco,7,5,2,5,3,1008,s+,57,splatroller,7,6,1,9,2,1087,s+,95,wakaba,16,11,5,6,2,1194,s+,60,hokusai_hue,11,7,4,7,4,852,s+,89,sharp,10,6,4,9,3,1284,s+,38,barrelspinner,8,6,2,7,3,1155,s+,55,sshooter,11,9,2,13,1,1013,s+,81
2018-02-23T08:00:00+00:00,2.2.2,gachi,standard,hoko,devon,300,bravo,FALSE,screwslosher,10,7,3,5,1,719,s+,119,nzap89,12,9,3,9,5,1226,s+,69,parashelter,15,11,4,7,5,1267,s+,109,wakaba,10,6,4,7,4,895,s+,72,rapid_deco,9,6,3,9,2,832,s+,97,sputtery,12,10,2,7,3,1191,s+,86,sshooter,8,5,3,9,2,919,s+,83,maneuver_collabo,9,6,3,8,2,1011,s+,78
2018-02-23T08:00:00+00:00,2.2.2,gachi,standard,hoko,devon,214,alpha,TRUE,screwslosher,7,7,0,1,1,626,s+,119,rapid,8,6,2,4,2,695,s+,89,maneuver_collabo,8,7,1,4,3,851,s+,126,wakaba,7,3,4,4,4,837,s+,121,maneuver_collabo,5,3,2,7,2,658,s+,88,maneuver_collabo,3,3,0,8,2,630,s+,78,sputtery,5,5,0,6,4,1230,s+,102,screwslosher,2,2,0,3,0,0,s+,59
2018-02-23T08:00:00+00:00,2.2.2,gachi,standard,hoko,zatou,289,bravo,TRUE,sshooter,10,9,1,12,0,814,s,73,maneuver_collabo,6,2,4,11,2,1197,s,81,rapid_deco,2,1,1,4,3,514,s,66,sshooter,10,10,0,9,4,1130,s,75,nova,8,6,2,7,2,877,s,30,squiclean_a,21,16,5,2,5,982,s,27,heroroller_replica,9,6,3,8,3,898,s,57,nzap85,15,8,7,5,3,1197,s,74
2018-02-23T08:00:00+00:00,2.2.2,gachi,standard,hoko,devon,300,alpha,FALSE,sshooter,7,5,2,8,2,1105,s,73,splatcharger,11,9,2,8,0,772,s,68,heroroller_replica,9,9,0,7,2,920,s,52,,8,5,3,6,4,971,s,112,jetsweeper_custom,11,8,3,6,4,959,s,52,maneuver_collabo,11,9,2,7,4,890,s,36,barrelspinner,9,8,1,8,2,871,s,60,heroroller_replica,5,4,1,7,3,924,s,74
2018-02-23T10:00:00+00:00,2.2.2,gachi,standard,area,hokke,85,bravo,TRUE,sshooter,2,1,1,3,1,335,a,93,prime,0,0,0,3,2,541,a+,57,sputtery,1,1,0,4,0,213,a+,58,dualsweeper,2,1,1,2,2,367,a,44,heroroller_replica,9,8,1,2,1,460,a+,61,dualsweeper,1,1,0,1,1,431,a+,68,carbon,1,0,1,0,1,253,a,32,nzap85,5,3,2,0,1,402,a+,39
2018-02-23T10:00:00+00:00,2.2.2,gachi,standard,area,hokke,136,bravo,TRUE,sshooter,4,4,0,4,2,638,a,93,bold,5,3,2,4,2,628,a+,62,splatroller,3,2,1,4,2,494,a-,22,maneuver,3,2,1,4,2,491,a-,47,splatspinner,5,1,4,0,3,794,a-,61,splatcharger,4,4,0,0,2,597,a+,68,nzap85,6,4,2,6,0,383,a-,39,splatroller,8,7,1,5,0,420,a-,30
2018-02-23T10:00:00+00:00,2.2.2,gachi,standard,area,engawa,79,bravo,TRUE,sshooter,4,4,0,4,0,361,a,93,barrelspinner_deco,1,0,1,4,0,231,a+,106,sputtery_hue,1,1,0,5,0,310,a-,30,momiji,0,0,0,0,0,0,a,25,liter4k_custom,0,0,0,0,1,164,a+,57,splatroller,3,2,1,0,0,335,a+,55,dynamo_tesla,4,4,0,3,0,228,a+,53,sputtery,8,7,1,2,0,243,a-,56
2018-02-23T10:00:00+00:00,2.2.2,gachi,standard,area,hokke,125,alpha,TRUE,sshooter,4,3,1,2,1,468,a,93,splatscope,7,4,3,0,2,499,a+,58,maneuver,3,3,0,1,1,508,a-,66,carbon,7,4,3,2,2,427,a,39,hokusai_hue,3,3,0,3,3,583,a-,55,splatspinner,2,2,0,4,2,453,a,38,sshooter,1,0,1,4,1,461,a-,60,sputtery_hue,1,0,1,3,2,405,a-,47
2018-02-23T10:00:00+00:00,2.2.2,gachi,standard,area,hokke,283,bravo,TRUE,prime_collabo,0,0,0,5,3,819,b+,49,nzap85,12,8,4,5,6,1269,b+,62,sputtery_hue,13,12,1,10,2,847,b+,33,rapid,7,3,4,5,3,908,b+,50,nzap89,5,3,2,7,4,983,b-,27,jetsweeper,5,1,4,6,4,733,b-,20,clashblaster,12,11,1,8,3,719,b-,30,maneuver_collabo,11,10,1,2,4,1197,b+,42
2018-02-23T10:00:00+00:00,2.2.2,gachi,standard,area,engawa,107,alpha,TRUE,sshooter,4,4,0,3,0,444,a,93,heroshooter_replica,6,5,1,3,1,478,a,63,prime,5,3,2,3,1,325,a+,43,splatscope,2,2,0,1,2,503,a-,16,splatroller,6,6,0,4,2,520,a-,66,heroshooter_replica,4,2,2,4,0,316,a,75,dualsweeper,3,2,1,4,2,588,a,43,liter4k,1,0,1,3,2,357,a,22
2018-02-23T10:00:00+00:00,2.2.2,gachi,standard,area,hokke,237,alpha,TRUE,prime_collabo,5,5,0,1,4,945,b+,49,hissen,9,7,2,6,0,561,b,43,bold,11,9,2,3,2,1154,b-,43,soytuber,1,1,0,7,0,221,b+,43,hissen,5,2,3,4,4,770,b+,49,promodeler_rg,3,3,0,7,1,738,b+,42,clashblaster,8,8,0,7,2,465,b+,51,liter4k_scope,4,4,0,4,2,507,b-,39
2018-02-23T10:00:00+00:00,2.2.2,gachi,standard,area,hokke,229,alpha,TRUE,sshooter,7,5,2,6,2,948,a,93,sshooter,13,10,3,7,3,921,a,36,heroroller_replica,5,5,0,7,2,818,a+,74,liter4k,7,5,2,2,4,789,a+,61,maneuver,5,3,2,8,2,671,a-,42,nzap89,6,4,2,4,4,972,a+,59,pablo,10,9,1,6,5,1219,a+,74,heroroller_replica,8,6,2,7,3,754,a+,50
2018-02-23T10:00:00+00:00,2.2.2,gachi,standard,area,hokke,148,alpha,TRUE,prime_collabo,2,2,0,4,0,504,b+,49,splatroller,3,3,0,5,1,393,b,22,splatroller,4,4,0,4,2,515,b+,32,bold,7,7,0,4,1,634,b+,43,splatroller,4,4,0,4,2,585,b-,24,splatscope,1,1,0,3,1,309,b,46,dualsweeper,5,5,0,5,0,496,b,32,sputtery_hue,9,7,2,4,0,528,b+,56
2018-02-23T10:00:00+00:00,2.2.2,gachi,standard,area,hokke,79,alpha,TRUE,jetsweeper_custom,3,3,0,1,1,338,s+,80,wakaba,4,2,2,0,1,440,s+,42,rapid,3,1,2,1,0,282,s+,88,herocharger_replica,4,4,0,0,1,331,s+,132,rapid,2,1,1,2,1,372,s+,82,hotblaster,1,1,0,3,1,261,s+,62,herocharger_replica,1,0,1,2,0,259,s+,71,dynamo_tesla,0,0,0,3,1,289,s+,25
2018-02-23T10:00:00+00:00,2.2.2,gachi,standard,area,engawa,157,bravo,TRUE,prime_collabo,5,3,2,3,2,590,b+,49,dualsweeper,6,4,2,2,1,0,b,24,splatroller_collabo,5,3,2,3,2,438,b-,26,nzap85,4,3,1,5,1,666,b+,78,dualsweeper,4,2,2,2,3,580,b,47,splatroller,3,3,0,4,0,340,b-,32,barrelspinner,6,4,2,3,2,561,b-,30,nzap89,4,3,1,4,1,476,b+,56
2018-02-23T10:00:00+00:00,2.2.2,gachi,standard,area,engawa,189,alpha,TRUE,sshooter,6,3,3,5,1,671,a,93,barrelspinner,4,3,1,3,3,759,a,61,splatcharger,11,11,0,2,2,634,a-,41,sputtery_hue,3,3,0,4,3,884,a-,47,nzap85,1,1,0,6,1,695,a-,39,squiclean_a,4,1,3,5,3,660,a-,45,clashblaster,3,3,0,7,1,471,a-,48,prime_collabo,7,7,0,4,4,955,a+,61
2018-02-23T10:00:00+00:00,2.2.2,gachi,standard,area,engawa,222,alpha,TRUE,jetsweeper_custom,7,5,2,2,3,986,s+,80,herocharger_replica,1,1,0,2,4,754,s+,91,sshooter_collabo,6,6,0,8,2,641,s+,91,splatroller,11,11,0,6,2,670,s+,45,rapid,6,2,4,6,2,721,s+,82,splatroller,8,7,1,6,1,768,s+,63,herocharger_replica,4,2,2,5,4,696,s+,132,sshooter_collabo,6,6,0,6,0,694,s+,58
2018-02-23T10:00:00+00:00,2.2.2,gachi,standard,area,engawa,255,bravo,TRUE,prime_collabo,12,10,2,6,3,968,b+,49,squiclean_a,5,2,3,8,2,303,b+,45,heroroller_replica,14,12,2,9,3,730,b+,50,promodeler_mg,7,4,3,9,5,978,b,55,sputtery_hue,8,6,2,8,3,812,b+,48,heroroller_replica,8,7,1,7,0,805,b,57,maneuver,7,6,1,5,2,704,b-,37,splatroller,15,13,2,9,2,705,b,32
2018-02-23T10:00:00+00:00,2.2.2,gachi,standard,area,hokke,227,alpha,TRUE,jetsweeper_custom,6,5,1,3,3,820,s+,80,maneuver_collabo,7,5,2,6,2,850,s+,73,barrelspinner,4,4,0,4,2,841,s+,81,hotblaster,5,5,0,4,3,804,s+,74,herospinner_replica,9,8,1,4,3,1074,s+,98,hissen,1,1,0,9,0,446,s+,67,maneuver_collabo,8,7,1,1,4,1013,s+,104,herocharger_replica,3,1,2,5,4,718,s+,132
2018-02-23T10:00:00+00:00,2.2.2,gachi,standard,area,hokke,180,bravo,TRUE,sshooter,5,4,1,3,2,751,a,93,rapid,5,3,2,3,2,680,a,49,sshooter,5,4,1,6,1,594,a-,51,momiji,6,5,1,5,2,779,a,51,sshooter,6,5,1,6,1,693,a-,29,wakaba,3,2,1,6,2,603,a,65,longblaster,8,6,2,3,3,780,a,75,hokusai,6,4,2,1,2,585,a+,74
2018-02-23T10:00:00+00:00,2.2.2,gachi,standard,area,engawa,300,alpha,FALSE,prime_collabo,5,3,2,2,5,1140,b+,49,splatroller,9,8,1,9,2,790,b+,66,maneuver,10,8,2,11,0,633,b-,20,barrelspinner_deco,12,10,2,3,5,1096,b,45,bucketslosher_deco,6,4,2,10,1,715,b+,31,hokusai_hue,16,11,5,6,6,1215,b+,47,96gal_deco,8,6,2,8,3,714,b,29,campingshelter,5,4,1,5,6,1113,b+,40
2018-02-23T10:00:00+00:00,2.2.2,gachi,standard,area,engawa,218,bravo,TRUE,jetsweeper_custom,6,5,1,5,2,856,s+,80,sshooter,3,2,1,9,1,735,s+,72,barrelspinner,8,7,1,4,3,846,s+,81,sshooter,4,3,1,3,4,1105,s+,52,heroshooter_replica,10,9,1,7,2,752,s+,88,dualsweeper,12,7,5,1,5,912,s+,62,jetsweeper,5,4,1,4,5,1150,s+,62,prime_collabo,5,1,4,5,2,771,s+,80
2018-02-23T10:00:00+00:00,2.2.2,gachi,standard,area,engawa,300,alpha,FALSE,prime_collabo,6,4,2,0,5,1092,b+,49,promodeler_mg,18,16,2,4,7,1560,b+,71,variableroller_foil,17,11,6,8,1,645,b+,82,maneuver,17,10,7,6,4,1060,b+,49,nzap89,6,5,1,8,4,1155,b+,24,carbon,8,5,3,11,3,1116,b+,36,splatroller,5,4,1,11,3,841,b+,43,maneuver,4,3,1,11,3,964,b-,25
2018-02-23T10:00:00+00:00,2.2.2,gachi,standard,area,hokke,147,alpha,TRUE,jetsweeper_custom,3,2,1,4,1,452,s+,80,heroshooter_replica,7,6,1,5,1,613,s+,88,jetsweeper_custom,8,7,1,1,3,728,s+,84,hotblaster,8,3,5,2,2,508,s+,89,sshooter,1,1,0,6,1,444,s+,70,heromaneuver_replica,7,7,0,5,2,585,s+,79,prime_collabo,2,2,0,3,3,691,s+,80,nzap85,2,2,0,4,2,648,s+,52
2018-02-23T10:00:00+00:00,2.2.2,gachi,standard,area,engawa,187,alpha,TRUE,jetsweeper_custom,13,7,6,2,2,732,s+,80,sshooter,6,5,1,5,2,649,s+,71,bamboo14mk1,6,6,0,2,4,1019,s+,62,wakaba,4,2,2,2,5,992,s+,95,nzap85,5,4,1,7,2,748,s+,68,prime_collabo,2,1,1,3,3,927,s+,80,prime,4,3,1,4,3,802,s+,77,maneuver_collabo,3,3,0,6,2,742,s+,77
2018-02-23T10:00:00+00:00,2.2.2,gachi,standard,area,hokke,121,alpha,TRUE,prime_collabo,2,2,0,0,1,410,b+,49,splatroller_collabo,7,6,1,3,1,368,b+,42,nzap89,6,3,3,1,1,429,b,48,bucketslosher,4,4,0,0,1,365,b+,33,liter4k,0,0,0,2,0,63,b,28,maneuver,2,2,0,3,2,512,b-,20,heroroller_replica,2,2,0,4,3,535,b,41,promodeler_rg,1,0,1,6,2,398,b-,28
2018-02-23T10:00:00+00:00,2.2.2,gachi,standard,area,hokke,292,alpha,TRUE,jetsweeper_custom,10,5,5,4,5,932,s+,80,nzap85,13,7,6,9,5,1233,s+,49,bold,8,6,2,5,4,1439,s+,87,hissen,17,15,2,8,5,1073,s+,85,hotblaster,13,12,1,11,3,946,s+,111,sshooter,4,2,2,7,3,1096,s+,71,splatcharger_collabo,7,7,0,6,2,1180,s+,44,prime_collabo,8,5,3,9,2,1019,s+,69
2018-02-23T10:00:00+00:00,2.2.2,gachi,standard,area,engawa,236,alpha,TRUE,prime_collabo,6,5,1,1,3,825,b+,49,carbon,13,11,2,2,4,844,b+,35,sshooter,9,5,4,8,0,425,b,28,sputtery,16,16,0,6,2,678,b,37,pablo,3,2,1,10,1,613,b+,31,splatroller,10,9,1,11,2,576,b,40,carbon,6,2,4,8,4,903,b+,51,splatscope,3,3,0,8,4,509,b-,17
2018-02-23T10:00:00+00:00,2.2.2,gachi,standard,area,engawa,81,alpha,TRUE,nzap85,7,4,3,1,2,500,s+,65,barrelspinner_deco,6,5,1,0,1,375,s+,88,splatroller,5,4,1,2,1,307,s+,66,dynamo,1,1,0,1,0,124,s+,63,barrelspinner,2,1,1,3,0,280,s+,85,hotblaster,0,0,0,5,0,207,s+,59,96gal_deco,2,2,0,3,0,235,s+,84,sshooter,1,0,1,3,1,302,s+,20
2018-02-23T10:00:00+00:00,2.2.2,gachi,standard,area,hokke,120,alpha,TRUE,nzap85,6,5,1,3,1,452,s+,65,rapid,8,5,3,2,1,538,s+,98,bamboo14mk1,7,2,5,0,3,644,s+,78,splatspinner,4,3,1,1,2,0,s+,53,screwslosher_neo,2,1,1,3,2,608,s+,104,wakaba,2,2,0,3,3,719,s+,52,sshooter,2,2,0,5,0,253,s+,65,hotblaster_custom,1,1,0,4,2,391,s+,89
2018-02-23T10:00:00+00:00,2.2.2,gachi,standard,area,engawa,140,alpha,TRUE,jetsweeper_custom,8,5,3,1,2,635,s+,80,splatspinner,4,1,3,1,3,627,s+,85,parashelter,8,5,3,2,2,693,s+,104,sshooter,5,5,0,3,1,561,s+,52,barrelspinner,3,3,0,2,3,642,s+,67,l3reelgun,1,0,1,5,2,502,s+,32,parashelter,1,1,0,4,2,666,s+,65,nzap85,3,3,0,5,1,571,s+,66
2018-02-23T10:00:00+00:00,2.2.2,gachi,standard,area,hokke,121,alpha,TRUE,nzap85,7,6,1,2,2,634,s+,65,maneuver_collabo,3,2,1,3,1,489,s+,68,heroblaster_replica,8,6,2,2,1,397,s+,63,barrelspinner,3,1,2,1,4,619,s+,70,heroblaster_replica,4,4,0,4,1,460,s+,78,dualsweeper,3,3,0,3,1,724,s+,100,hydra,1,1,0,4,0,257,s+,114,parashelter,0,0,0,4,1,518,s+,75
2018-02-23T10:00:00+00:00,2.2.2,gachi,standard,area,engawa,144,bravo,TRUE,jetsweeper_custom,3,1,2,3,3,617,s+,80,sshooter_collabo,6,6,0,5,1,496,s+,50,barrelspinner,3,2,1,3,1,614,s+,67,heroshooter_replica,0,0,0,5,2,596,s+,51,heroshooter_replica,8,7,1,4,2,681,s+,122,liter4k,5,4,1,0,3,611,s+,67,nzap85,4,3,1,2,3,712,s+,63,screwslosher_neo,5,2,3,3,1,441,s+,53
2018-02-23T10:00:00+00:00,2.2.2,gachi,standard,area,hokke,140,bravo,TRUE,nzap85,4,2,2,5,2,655,s+,65,splatroller_collabo,3,2,1,4,2,481,s+,84,dynamo,4,4,0,4,2,567,s+,77,campingshelter,3,2,1,4,2,410,s+,52,maneuver_collabo,3,3,0,4,1,615,s+,66,prime_collabo,7,6,1,2,3,691,s+,73,sshooter,7,5,2,3,1,639,s+,42,barrelspinner,4,3,1,1,3,575,s+,75
2018-02-23T10:00:00+00:00,2.2.2,gachi,standard,area,hokke,87,alpha,TRUE,jetsweeper_custom,4,2,2,0,1,398,s+,80,maneuver_collabo,3,3,0,3,1,370,s+,48,sshooter_collabo,2,2,0,0,1,448,s+,72,barrelspinner,5,4,1,1,2,498,s+,96,parashelter,1,1,0,2,2,553,s+,76,maneuver_collabo,1,0,1,3,1,323,s+,79,barrelspinner,1,1,0,2,1,426,s+,104,nzap85,2,2,0,4,1,386,s+,84
2018-02-23T10:00:00+00:00,2.2.2,gachi,standard,area,engawa,239,bravo,TRUE,nzap85,6,4,2,6,4,881,s+,65,rapid,7,5,2,6,5,1148,s+,95,screwslosher,8,6,2,9,3,802,s+,88,maneuver_collabo,8,6,2,4,3,1015,s+,61,maneuver_collabo,6,5,1,5,4,986,s+,74,h3reelgun,10,5,5,4,4,1023,s+,86,hotblaster,7,7,0,9,1,697,s+,91,wakaba,9,6,3,3,6,1293,s+,69
2018-02-23T10:00:00+00:00,2.2.2,gachi,standard,area,engawa,302,alpha,FALSE,jetsweeper_custom,11,8,3,5,5,1186,s+,80,nzap85,8,6,2,6,5,1382,s+,73,splatroller,9,8,1,8,3,1130,s+,86,herospinner_replica,8,4,4,7,4,1211,s+,96,maneuver_collabo,13,12,1,7,5,1286,s+,48,sshooter_collabo,10,7,3,10,2,929,s+,72,splatcharger,5,4,1,5,3,970,s+,59,bucketslosher_deco,6,3,3,5,7,1721,s+,31
2018-02-23T10:00:00+00:00,2.2.2,gachi,standard,area,hokke,217,alpha,TRUE,nzap85,9,4,5,4,3,993,s+,65,maneuver_collabo,6,3,3,6,3,715,s+,70,screwslosher_neo,5,5,0,2,3,986,s+,78,splatroller,13,10,3,3,4,1061,s+,71,screwslosher_neo,4,3,1,6,3,745,s+,107,sshooter,7,6,1,8,2,770,s+,88,splatspinner,4,4,0,4,4,979,s+,83,barrelspinner,2,2,0,4,3,893,s+,57
2018-02-23T10:00:00+00:00,2.2.2,gachi,standard,area,hokke,85,bravo,TRUE,jetsweeper_custom,2,1,1,2,2,435,s+,80,nzap85,4,2,2,4,1,313,s+,100,carbon,2,2,0,2,2,356,s+,141,liter4k_scope_custom,1,1,0,1,1,385,s+,72,barrelspinner_deco,4,4,0,2,1,426,s+,86,maneuver_collabo,3,1,2,2,2,436,s+,77,prime_collabo,1,1,0,1,1,373,s+,80,sshooter_collabo,3,3,0,1,0,298,s+,71
2018-02-23T10:00:00+00:00,2.2.2,gachi,standard,area,engawa,300,bravo,FALSE,nzap85,11,8,3,8,5,1165,s+,65,prime_collabo,4,0,4,9,3,1143,s+,80,screwslosher_neo,6,4,2,10,4,1181,s+,91,nzap85,13,7,6,6,8,1501,s+,76,wakaba,13,3,10,4,5,1236,s+,50,52gal_deco,13,10,3,2,5,1233,s+,77,nzap85,14,6,8,8,4,1166,s+,89,parashelter,13,12,1,5,4,1559,s+,91
2018-02-23T10:00:00+00:00,2.2.2,gachi,standard,area,hokke,142,bravo,TRUE,jetsweeper_custom,3,1,2,1,3,673,s+,80,52gal_deco,3,2,1,4,2,641,s+,113,maneuver_collabo,4,3,1,4,3,701,s+,82,prime,2,1,1,5,1,413,s+,76,screwslosher_neo,4,3,1,1,3,675,s+,107,52gal_deco,7,5,2,0,3,840,s+,123,prime_collabo,5,5,0,3,2,532,s+,62,splatcharger,2,1,1,3,1,370,s+,89
2018-02-23T10:00:00+00:00,2.2.2,gachi,standard,area,hokke,208,bravo,TRUE,sshooter,3,2,1,7,2,721,s,53,bold,5,5,0,6,3,1054,s,46,liter4k_scope,3,3,0,3,4,877,s,66,heroroller_replica,12,9,3,6,2,844,s,54,bold,3,2,1,6,1,1038,s,67,rapid,3,2,1,4,2,763,s,35,splatroller,10,10,0,4,3,846,s,33,h3reelgun,10,8,2,5,3,911,s,72
2018-02-23T10:00:00+00:00,2.2.2,gachi,standard,area,engawa,305,alpha,FALSE,jetsweeper_custom,14,8,6,5,5,1151,s+,80,heroshelter_replica,11,6,5,8,5,1512,s+,72,maneuver_collabo,15,9,6,12,1,981,s+,82,screwslosher,14,10,4,7,3,944,s+,66,longblaster,15,13,2,9,3,1226,s+,97,maneuver_collabo,6,6,0,14,3,891,s+,65,parashelter,7,6,1,6,4,1009,s+,84,sshooter,9,7,2,6,2,1165,s+,28
2018-02-23T10:00:00+00:00,2.2.2,gachi,standard,area,hokke,235,alpha,TRUE,nzap85,12,6,6,3,4,1264,s+,65,sshooter_collabo,5,5,0,5,3,750,s+,107,maneuver_collabo,12,6,6,2,4,1111,s+,94,parashelter,10,7,3,4,4,1420,s+,91,splatroller,6,6,0,5,2,1021,s+,61,nzap89,3,3,0,5,5,1136,s+,84,parashelter,3,3,0,6,5,1425,s+,86,sshooter,2,2,0,8,1,612,s+,20
2018-02-23T10:00:00+00:00,2.2.2,gachi,standard,area,hokke,299,bravo,TRUE,sshooter,6,5,1,11,2,1035,s,53,prime,10,8,2,8,4,865,s,98,liter4k_scope,6,5,1,5,6,1212,s,30,sputtery_hue,10,9,1,10,4,1002,s,68,sshooter,10,5,5,8,2,870,s,70,prime_collabo,5,4,1,6,4,907,s,52,sshooter,13,11,2,7,3,1169,s,64,jetsweeper_custom,14,14,0,6,4,1224,s,69
2018-02-23T10:00:00+00:00,2.2.2,gachi,standard,area,engawa,160,alpha,TRUE,nzap85,5,3,2,5,1,621,s+,65,nzap85,7,6,1,3,2,812,s+,72,splatcharger,5,4,1,2,0,528,s+,73,wakaba,5,3,2,1,4,914,s+,62,nzap85,5,2,3,2,5,1006,s+,82,dynamo,3,2,1,4,2,608,s+,106,maneuver_collabo,4,3,1,6,1,645,s+,74,sshooter,3,3,0,5,2,519,s+,20
2018-02-23T10:00:00+00:00,2.2.2,gachi,standard,area,hokke,137,bravo,TRUE,jetsweeper_custom,4,4,0,2,4,721,s+,80,nzap85,5,2,3,4,2,537,s+,89,sputtery,3,3,0,5,2,492,s+,87,maneuver_collabo,1,1,0,5,1,593,s+,40,maneuver_collabo,7,7,0,3,2,560,s+,93,wakaba,5,2,3,3,2,646,s+,100,maneuver_collabo,5,4,1,4,1,537,s+,70,splatscope_collabo,3,3,0,0,3,709,s+,78
2018-02-23T10:00:00+00:00,2.2.2,gachi,standard,area,hokke,226,alpha,TRUE,jetsweeper_custom,9,7,2,5,2,839,s+,80,screwslosher_neo,11,8,3,4,4,1011,s+,77,maneuver_collabo,10,6,4,5,4,991,s+,88,maneuver_collabo,6,4,2,4,3,926,s+,70,maneuver_collabo,9,7,2,7,2,940,s+,101,maneuver_collabo,4,3,1,5,4,811,s+,77,prime_collabo,4,4,0,9,3,887,s+,83,sputtery,4,4,0,4,2,750,s+,87
2018-02-23T10:00:00+00:00,2.2.2,gachi,standard,area,engawa,264,alpha,TRUE,nzap85,11,6,5,5,5,1218,s+,65,rapid,8,6,2,7,4,1172,s+,97,nzap85,9,4,5,8,4,1156,s+,46,sshooter,10,7,3,8,4,1078,s+,62,nzap85,14,8,6,4,6,1448,s+,76,sharp,11,6,5,5,4,1108,s+,80,splatscope,3,2,1,3,5,924,s+,67,sshooter,14,12,2,12,2,835,s+,52
2018-02-23T12:00:00+00:00,2.2.2,gachi,standard,asari,kombu,300,bravo,FALSE,wakaba,7,4,3,3,9,1755,a,56,maneuver_collabo,9,6,3,9,1,947,a-,35,pablo,3,3,0,7,3,776,a-,84,bold,11,10,1,5,6,1575,a+,96,bold,6,3,3,5,5,1411,a-,66,sshooter_collabo,12,12,0,5,3,1108,a-,21,sputtery_hue,6,3,3,7,2,967,a-,30,momiji,7,6,1,6,5,1482,a-,70
2018-02-23T12:00:00+00:00,2.2.2,gachi,standard,asari,kombu,309,alpha,FALSE,nzap85,16,9,7,6,4,1462,s+,65,maneuver,15,10,5,7,4,1334,s+,64,splatroller_collabo,10,9,1,8,1,786,s+,77,splatcharger_collabo,9,8,1,5,2,1112,s+,95,splatroller_collabo,5,2,3,9,3,898,s+,51,screwslosher_neo,12,9,3,7,4,1143,s+,54,wakaba,9,6,3,9,4,1256,s+,70,sshooter,11,9,2,11,2,1321,s+,39
2018-02-23T12:00:00+00:00,2.2.2,gachi,standard,asari,ama,157,bravo,TRUE,nzap85,3,2,1,5,1,619,s+,66,hokusai,6,5,1,6,0,457,s+,73,prime_collabo,2,2,0,3,2,801,s+,96,splatcharger,1,0,1,6,0,363,s+,70,heromaneuver_replica,6,2,4,1,3,671,s+,80,bold,3,3,0,2,3,620,s+,74,nzap85,9,7,2,3,2,600,s+,84,96gal_deco,9,8,1,3,1,464,s+,71
2018-02-23T12:00:00+00:00,2.2.2,gachi,squad_4,hoko,mozuku,318,alpha,FALSE,sputtery,9,8,1,7,3,1505,s+,95,wakaba,12,5,7,4,6,1371,s+,63,maneuver_collabo,12,10,2,9,2,1093,s+,97,nzap85,13,10,3,8,3,1198,s+,79,nzap85,16,9,7,8,4,1471,s+,142,splatroller,10,7,3,8,3,1136,s+,83,52gal_deco,11,8,3,8,4,1303,s+,49,hissen,5,4,1,9,4,1162,a-,93
2018-02-23T12:00:00+00:00,2.2.2,gachi,standard,asari,kombu,303,bravo,FALSE,nzap85,11,9,2,6,4,1234,s+,66,maneuver,9,6,3,10,2,845,s+,77,splatcharger_collabo,4,4,0,6,6,1744,s+,64,bucketslosher_deco,7,6,1,8,3,1294,s+,73,splatroller,13,12,1,6,2,1316,s+,85,screwslosher_neo,9,2,7,8,2,944,s+,71,longblaster,15,14,1,3,5,1574,s+,59,maneuver,6,2,4,8,4,1421,s+,87
2018-02-23T12:00:00+00:00,2.2.2,gachi,standard,asari,ama,313,bravo,FALSE,bucketslosher_deco,9,6,3,4,2,1069,s+,108,wakaba,11,8,3,7,5,1100,s+,69,splatcharger,9,7,2,5,3,927,s+,49,pablo_hue,10,9,1,5,4,838,s+,78,nzap85,5,5,0,7,3,992,s+,110,carbon,5,4,1,9,2,758,s+,77,bold,8,8,0,10,3,1387,s+,88,splatscope,5,4,1,4,3,889,s+,67
2018-02-23T12:00:00+00:00,2.2.2,gachi,standard,asari,kombu,320,alpha,FALSE,nzap85,15,10,5,6,6,1522,s+,66,hokusai,13,12,1,7,1,1066,s+,73,prime,7,0,7,5,5,0,s+,39,hotblaster_custom,10,7,3,8,4,915,s+,93,nzap89,10,9,1,8,5,1214,s+,68,splatspinner,8,5,3,7,4,1267,s+,70,barrelspinner,9,7,2,7,2,1223,s+,62,prime_collabo,5,4,1,7,2,1127,s+,84
2018-02-23T12:00:00+00:00,2.2.2,gachi,squad_4,hoko,mozuku,324,bravo,FALSE,sputtery,8,7,1,8,4,1354,s+,95,wakaba,12,7,5,8,4,1213,s+,63,maneuver_collabo,9,5,4,11,1,937,s+,97,prime_collabo,11,8,3,9,2,1132,s+,79,sshooter_collabo,15,14,1,9,3,1374,s+,114,sputtery_hue,10,4,6,7,4,933,s+,126,sshooter_collabo,10,7,3,7,2,1121,s+,68,barrelspinner,14,11,3,4,5,1392,s+,77
2018-02-23T12:00:00+00:00,2.2.2,gachi,standard,asari,kombu,308,alpha,FALSE,sshooter,6,4,2,6,2,1353,a-,53,prime_collabo,8,5,3,9,3,1030,a+,47,sharp,11,11,0,8,5,859,a+,63,maneuver_collabo,8,6,2,10,2,594,a,37,sputtery,15,13,2,9,3,1151,a,37,nzap89,11,10,1,7,4,1313,a,70,pablo,0,0,0,0,0,0,a+,50,squiclean_a,14,10,4,10,4,988,a+,56
2018-02-23T12:00:00+00:00,2.2.2,gachi,standard,asari,kombu,300,bravo,FALSE,bucketslosher_deco,8,7,1,8,3,1122,s+,108,parashelter,13,8,5,9,3,1450,s+,119,pablo_hue,6,4,2,5,4,851,s+,78,heroroller_replica,9,7,2,10,3,898,s+,80,bold,10,6,4,8,3,1311,s+,80,nzap85,11,7,4,5,4,1311,s+,70,hotblaster_custom,15,13,2,6,2,818,s+,75,heroroller_replica,7,6,1,7,2,1012,s+,70
2018-02-23T12:00:00+00:00,2.2.2,gachi,standard,asari,ama,300,bravo,FALSE,nzap85,7,3,4,6,4,1272,s+,67,maneuver_collabo,8,6,2,6,3,1002,s+,47,barrelspinner_deco,11,8,3,4,2,766,s+,121,sshooter,15,12,3,8,3,1114,s+,79,nzap89,9,9,0,6,4,1464,s+,46,maneuver_collabo,9,7,2,6,3,985,s+,50,heroshooter_replica,7,5,2,9,1,895,s+,70,maneuver_collabo,5,3,2,8,2,891,s+,48
2018-02-23T12:00:00+00:00,2.2.2,gachi,standard,asari,kombu,315,bravo,FALSE,nzap85,14,11,3,10,3,1271,s+,66,hotblaster,13,10,3,6,1,1068,s+,75,herocharger_replica,3,2,1,9,1,891,s+,65,barrelspinner,10,9,1,6,2,1262,s+,62,prime_collabo,14,11,3,10,2,1109,s+,75,nzap85,12,7,5,8,2,1132,s+,75,momiji,7,5,2,7,3,1357,s+,72,splatroller,9,8,1,7,2,1007,s+,64
2018-02-23T12:00:00+00:00,2.2.2,gachi,squad_4,hoko,devon,300,bravo,FALSE,sputtery,8,6,2,10,0,824,s+,95,wakaba,10,6,4,5,4,1094,s+,63,maneuver_collabo,8,6,2,8,3,834,s+,97,prime_collabo,10,8,2,8,2,970,s+,79,dualsweeper,9,4,5,9,3,796,s+,62,prime_collabo,12,9,3,6,3,1052,s+,67,nzap85,13,10,3,5,5,1166,s+,71,sshooter,9,7,2,6,4,890,s+,63
2018-02-23T12:00:00+00:00,2.2.2,gachi,standard,asari,ama,310,alpha,FALSE,splatroller,13,11,2,9,2,991,s+,108,bamboo14mk1,6,4,2,7,6,1026,s+,78,nova,18,14,4,5,3,812,s+,52,dualsweeper,6,4,2,8,3,1127,s+,89,l3reelgun,5,4,1,9,3,1151,s+,85,bucketslosher_deco,7,6,1,8,4,1373,s+,42,hotblaster_custom,17,12,5,10,2,920,s+,76,hokusai_hue,8,7,1,6,2,505,s+,79
2018-02-23T12:00:00+00:00,2.2.2,gachi,standard,asari,kombu,300,bravo,FALSE,bucketslosher_deco,6,3,3,8,0,937,s+,108,nzap85,16,13,3,6,4,1286,s+,70,splatcharger_collabo,3,2,1,4,4,1064,s+,54,parashelter,11,10,1,7,3,1183,s+,78,bold,7,4,3,9,2,1301,s+,80,hissen,6,3,3,8,3,1070,s+,57,rapid_deco,13,8,5,5,3,1322,s+,84,splatroller,11,10,1,6,2,1073,s+,71
2018-02-23T12:00:00+00:00,2.2.2,gachi,standard,asari,kombu,310,alpha,FALSE,nzap85,4,4,0,6,4,1401,s+,67,heroshooter_replica,7,6,1,4,2,1146,s+,70,nova,15,15,0,7,3,1192,s+,88,hokusai_hue,13,11,2,10,4,1167,s+,77,maneuver_collabo,7,6,1,7,4,1381,s+,89,sshooter_collabo,12,11,1,9,3,1090,s+,80,barrelspinner,4,4,0,7,3,1345,s+,68,pablo,9,6,3,13,2,799,s+,65
2018-02-23T12:00:00+00:00,2.2.2,gachi,squad_4,hoko,devon,339,alpha,FALSE,herospinner_replica,11,10,1,6,2,1436,,69,splatroller,6,4,2,11,0,939,s,74,nzap85,9,4,5,10,3,925,s,40,sshooter,12,9,3,7,3,1031,s+,75,splatspinner,9,7,2,6,6,1360,s+,71,nzap85,4,3,1,9,3,1263,,67,heroblaster_replica,9,8,1,5,2,863,s+,118,hotblaster,16,15,1,7,2,920,s+,85
2018-02-23T12:00:00+00:00,2.2.2,gachi,standard,asari,kombu,232,alpha,TRUE,nzap85,11,6,5,7,1,781,s+,66,prime_collabo,16,12,4,5,3,1009,s+,75,nzap85,15,9,6,4,2,882,s+,41,rapid,9,5,4,4,1,608,s+,65,nzap85,10,6,4,11,1,774,s+,46,longblaster,8,6,2,5,2,959,s+,67,herocharger_replica,3,3,0,8,0,574,s+,72,splatroller,8,5,3,8,1,717,s+,73
2018-02-23T12:00:00+00:00,2.2.2,gachi,standard,asari,ama,303,alpha,FALSE,splatroller,13,12,1,10,0,789,s+,108,96gal_deco,6,3,3,7,1,701,s+,73,barrelspinner_deco,8,4,4,4,3,1262,s+,68,heroblaster_replica,11,10,1,9,1,697,s+,101,l3reelgun_d,8,7,1,12,2,1146,s+,104,longblaster,17,15,2,7,4,1239,s+,105,promodeler_mg,0,0,0,0,0,0,s+,68,maneuver_collabo,11,8,3,10,3,1016,s+,100
2018-02-23T12:00:00+00:00,2.2.2,gachi,squad_4,hoko,devon,300,alpha,FALSE,sputtery,6,5,1,10,2,858,s+,95,wakaba,13,6,7,2,6,1387,s+,63,maneuver_collabo,9,5,4,7,2,830,s+,97,prime_collabo,13,12,1,4,3,1156,s+,79,sshooter_collabo,7,6,1,6,1,1123,s+,89,splatcharger,4,3,1,8,1,879,b+,36,spygadget,3,3,0,7,3,1022,,76,splatroller_collabo,12,11,1,7,5,1152,s+,75
2018-02-23T12:00:00+00:00,2.2.2,gachi,standard,asari,kombu,304,alpha,FALSE,bucketslosher_deco,6,3,3,5,2,1230,s+,108,heroroller_replica,16,14,2,6,5,1324,s+,81,nzap85,10,8,2,7,4,1246,s+,50,bold,3,2,1,8,2,1014,s+,72,nzap85,14,8,6,5,7,1581,s+,86,nzap85,11,9,2,7,4,1310,s+,85,heroroller_replica,8,6,2,10,1,881,s+,96,liter4k,5,3,2,5,5,1096,s+,74
2018-02-23T12:00:00+00:00,2.2.2,regular,standard,nawabari,gangaze,180,bravo,,splatspinner,3,0,3,1,3,769,,92,wakaba,1,1,0,3,3,876,,74,sshooter,2,1,1,4,2,817,,28,momiji,8,7,1,2,1,735,,42,momiji,4,4,0,2,3,1034,,7,wakaba,2,0,2,4,3,963,,47,carbon,5,5,0,1,3,849,,58,splatcharger,1,0,1,2,1,486,,56
2018-02-23T12:00:00+00:00,2.2.2,gachi,standard,asari,ama,272,alpha,TRUE,nzap85,6,5,1,3,5,1244,s+,67,nzap85,12,10,2,4,2,1070,s+,110,sshooter,11,9,2,4,2,945,s+,88,heroshelter_replica,4,2,2,6,2,741,s+,57,nzap85,7,4,3,7,3,1125,s+,69,heroshooter_replica,8,8,0,3,1,1051,s+,70,nzap85,7,4,3,9,2,970,s+,51,barrelspinner_deco,4,1,3,7,1,540,s+,57
2018-02-23T12:00:00+00:00,2.2.2,gachi,squad_4,hoko,devon,300,bravo,FALSE,herospinner_replica,8,7,1,7,4,880,,69,splatroller,2,2,0,8,2,847,s,74,nzap85,8,4,4,8,4,1097,s,40,sshooter,11,8,3,5,4,1000,s+,75,herospinner_replica,10,7,3,3,3,1018,a+,69,splatcharger,12,11,1,5,1,718,s+,73,wakaba,11,8,3,4,5,1231,s+,84,hotblaster,5,2,3,9,2,689,a,75
2018-02-23T12:00:00+00:00,2.2.2,regular,standard,nawabari,bbass,180,alpha,,splatspinner,5,4,1,1,4,930,,92,sshooter_collabo,5,4,1,2,2,862,,79,bold,5,2,3,4,1,615,,56,momiji,6,6,0,5,0,490,,42,momiji,6,4,2,2,3,1002,,7,nzap89,4,3,1,1,2,727,,53,wakaba,3,1,2,8,1,643,,74,maneuver_collabo,5,4,1,5,0,462,,56
2018-02-23T12:00:00+00:00,2.2.2,gachi,standard,asari,ama,300,bravo,FALSE,splatroller,9,8,1,8,1,1015,s+,108,96gal_deco,6,4,2,6,1,620,s+,73,bamboo14mk1,5,4,1,4,5,1250,s+,78,maneuver,7,5,2,9,3,1088,s+,60,jetsweeper_custom,5,3,2,4,4,970,s+,45,longblaster,13,7,6,3,4,1046,s+,105,nzap85,9,7,2,8,1,1204,s+,55,hotblaster_custom,14,10,4,6,2,690,s+,76
2018-02-23T12:00:00+00:00,2.2.2,gachi,squad_4,hoko,mozuku,300,alpha,FALSE,sputtery,16,9,7,5,4,1154,s+,95,wakaba,12,7,5,3,5,1117,s+,63,maneuver_collabo,16,10,6,6,3,906,s+,97,prime_collabo,20,15,5,8,1,845,s+,79,sshooter,4,4,0,10,2,873,a-,54,sshooter,9,7,2,8,4,1066,s+,88,sshooter,9,6,3,11,2,855,b+,44,sshooter,7,5,2,12,1,856,s+,61
2018-02-23T12:00:00+00:00,2.2.2,gachi,standard,asari,kombu,316,bravo,FALSE,bucketslosher_deco,10,7,3,6,3,1115,s+,108,prime_collabo,9,8,1,11,2,950,s+,78,sshooter,9,6,3,11,2,1148,s+,75,sshooter,18,17,1,8,3,1141,s+,79,nzap85,15,8,7,10,3,1444,s+,70,hotblaster,6,6,0,8,2,709,s+,77,hokusai_hue,15,14,1,11,1,923,s+,59,sshooter,9,8,1,9,1,1090,s+,54
2018-02-23T12:00:00+00:00,2.2.2,gachi,standard,asari,ama,302,bravo,FALSE,nzap85,8,3,5,3,6,1489,s+,67,hokusai_hue,7,7,0,6,3,784,s+,83,sshooter,4,4,0,8,0,688,s+,88,maneuver_collabo,3,3,0,11,1,795,s+,61,barrelspinner_deco,11,9,2,3,4,1231,s+,77,heroshooter_replica,9,7,2,7,1,759,s+,70,hokusai_hue,9,9,0,3,3,804,s+,87,bucketslosher,6,3,3,4,4,1056,s+,91
2018-02-23T12:00:00+00:00,2.2.2,gachi,squad_4,hoko,mozuku,342,alpha,FALSE,herospinner_replica,11,8,3,7,4,1622,,69,dualsweeper,9,5,4,9,3,1135,s,74,nzap85,11,3,8,13,3,1106,s,40,sshooter,11,11,0,7,5,1175,s+,75,jetsweeper_custom,7,4,3,7,4,1019,s+,82,sshooter_collabo,22,17,5,7,3,1345,s+,66,nzap85,11,7,4,7,5,1395,b-,34,prime,12,8,4,6,3,1207,s+,72
2018-02-23T12:00:00+00:00,2.2.2,regular,standard,nawabari,bbass,180,alpha,,splatspinner,2,1,1,0,3,800,,92,sputtery_hue,1,1,0,4,2,781,,34,52gal,4,4,0,1,2,718,,60,splatroller,5,5,0,5,1,596,,38,momiji,3,1,2,2,3,908,,58,pablo,6,5,1,2,1,751,,31,splatscope,0,0,0,3,3,597,,46,screwslosher_neo,5,4,1,4,1,578,,73
2018-02-23T12:00:00+00:00,2.2.2,gachi,squad_4,hoko,mozuku,309,bravo,FALSE,sputtery,5,4,1,8,4,1103,s+,95,wakaba,11,7,4,8,4,1133,s+,63,maneuver_collabo,6,5,1,7,5,1019,s+,97,prime_collabo,8,6,2,9,3,884,s+,79,dualsweeper,18,12,6,4,6,1380,s+,69,nova,7,3,4,6,3,944,s+,95,rapid_elite,13,9,4,5,3,1126,s+,136,heroroller_replica,8,8,0,7,3,963,s+,93
2018-02-23T12:00:00+00:00,2.2.2,gachi,standard,asari,ama,320,alpha,FALSE,bucketslosher_deco,13,12,1,6,0,1019,s+,108,maneuver_collabo,14,11,3,8,3,1170,s+,94,barrelspinner_deco,8,6,2,8,2,854,s+,80,wakaba,10,3,7,6,5,1290,s+,53,splatcharger_collabo,6,6,0,6,2,1289,s+,110,sshooter,10,10,0,10,2,906,s+,79,hokusai_hue,9,7,2,10,1,730,s+,59,prime,6,5,1,6,2,993,s+,74
2018-02-23T12:00:00+00:00,2.2.2,gachi,standard,asari,ama,320,alpha,FALSE,nzap85,11,6,5,7,4,1283,s+,67,splatscope,9,8,1,7,2,1015,s+,64,splatroller,11,11,0,11,1,965,s+,41,rapid,15,9,6,8,2,1165,s+,84,hissen,14,7,7,8,4,1376,s+,104,sshooter_collabo,8,6,2,10,1,982,s+,82,barrelspinner_deco,16,10,6,6,3,1013,s+,77,splatroller,10,10,0,10,2,1151,s+,52
2018-02-23T12:00:00+00:00,2.2.2,regular,standard,nawabari,gangaze,180,bravo,,splatspinner,2,1,1,2,3,769,,92,nzap89,4,3,1,3,4,1103,,72,sputtery,3,2,1,6,1,705,,35,dynamo_tesla,4,3,1,6,1,517,,63,bold,6,6,0,2,2,974,,57,sputtery_hue,4,1,3,2,4,929,,46,longblaster,9,9,0,3,2,829,,73,sputtery_hue,2,1,1,3,1,616,,34
2018-02-23T12:00:00+00:00,2.2.2,gachi,squad_4,hoko,mozuku,345,alpha,FALSE,herospinner_replica,14,10,4,7,3,1863,,69,dualsweeper,9,3,6,8,3,1093,s,74,nzap85,10,7,3,10,2,1108,s,40,sshooter,13,12,1,7,4,1208,s+,75,52gal_deco,11,10,1,6,4,1481,s+,86,sshooter,11,8,3,9,5,1328,s+,61,dynamo_tesla,5,3,2,10,3,1023,s+,127,rapid_deco,16,11,5,7,4,1500,s+,74
2018-02-23T12:00:00+00:00,2.2.2,gachi,squad_4,hoko,devon,159,alpha,TRUE,sputtery,2,1,1,3,0,320,s+,95,wakaba,2,1,1,2,1,420,s+,63,maneuver_collabo,4,4,0,4,2,436,s+,97,prime_collabo,5,5,0,3,1,596,s+,79,prime_collabo,1,1,0,3,2,473,a,41,dualsweeper,5,3,2,4,2,367,s+,58,rapid_deco,5,3,2,2,1,465,s+,64,sputtery,5,5,0,2,1,474,s+,66
2018-02-23T12:00:00+00:00,2.2.2,regular,standard,nawabari,gangaze,180,alpha,,splatspinner,2,1,1,3,2,667,,92,longblaster,9,9,0,3,3,895,,73,carbon,4,2,2,3,3,809,,72,splatroller_collabo,2,2,0,5,2,555,,84,bold,5,5,0,2,3,979,,57,nzap85,4,4,0,5,2,814,,34,splatcharger,3,2,1,4,1,570,,77,sshooter,3,3,0,4,0,560,,63
2018-02-23T12:00:00+00:00,2.2.2,gachi,standard,asari,kombu,303,bravo,FALSE,bucketslosher_deco,9,6,3,5,1,1002,s+,108,rapid,15,12,3,4,4,1274,s+,68,maneuver,9,4,5,5,6,1573,s+,76,sshooter,13,11,2,8,2,1260,s+,105,bold,2,2,0,9,3,1353,s+,153,parashelter,5,5,0,6,4,1302,s+,81,nzap85,7,5,2,9,3,1202,s+,62,sshooter,13,10,3,9,3,1162,s+,79
2018-02-23T12:00:00+00:00,2.2.2,gachi,standard,asari,ama,300,alpha,FALSE,nzap85,9,6,3,7,3,1215,s+,67,prime,11,8,3,9,1,703,s+,89,bold,10,6,4,8,2,1225,s+,74,screwslosher_neo,12,5,7,8,1,591,s+,52,hotblaster,14,12,2,8,4,1059,s+,89,splatcharger,3,3,0,5,0,688,s+,88,jetsweeper_custom,6,4,2,5,4,881,s+,83,maneuver_collabo,14,13,1,7,3,1066,s+,107
2018-02-23T12:00:00+00:00,2.2.2,gachi,squad_4,hoko,devon,302,bravo,FALSE,sputtery,6,2,4,8,3,825,s+,95,wakaba,8,6,2,7,5,1106,s+,63,maneuver_collabo,6,5,1,9,2,936,s+,97,prime_collabo,12,11,1,11,1,722,s+,79,splatroller,14,12,2,5,3,1049,s+,76,heroblaster_replica,15,10,5,9,2,769,s+,89,sshooter,9,7,2,6,2,823,s+,65,barrelspinner,9,6,3,5,2,895,s+,105
2018-02-23T12:00:00+00:00,2.2.2,gachi,standard,asari,ama,300,alpha,FALSE,bucketslosher_deco,8,5,3,6,2,1013,s+,108,momiji,4,3,1,6,3,1260,s+,67,maneuver_collabo,9,7,2,6,2,994,s+,47,prime_collabo,7,6,1,4,2,1091,s+,63,bottlegeyser,11,5,6,3,2,903,s+,89,h3reelgun,10,8,2,5,3,894,s+,92,wakaba,7,4,3,7,5,1124,s+,75,nzap85,8,5,3,6,4,1155,s+,80
2018-02-23T12:00:00+00:00,2.2.2,gachi,squad_4,hoko,mozuku,300,bravo,FALSE,herospinner_replica,6,5,1,4,4,1342,,69,dualsweeper,7,4,3,6,5,1344,s,74,nzap85,7,2,5,10,3,1190,s,40,sshooter,10,9,1,4,5,1266,s+,75,nzap89,8,8,0,2,7,1445,s+,78,maneuver_collabo,11,7,4,7,3,1208,s+,123,sputtery,7,6,1,4,4,1180,s+,72,parashelter,5,3,2,7,4,1233,s+,97
2018-02-23T12:00:00+00:00,2.2.2,gachi,standard,asari,ama,300,alpha,FALSE,carbon,15,12,3,7,4,964,a+,64,heromaneuver_replica,5,2,3,6,2,509,a,40,sputtery,10,9,1,5,3,885,a-,82,maneuver_collabo,17,14,3,6,6,1197,a,50,spygadget,7,5,2,8,4,1287,a-,57,pablo,4,3,1,11,1,499,a,28,splatscope,5,4,1,8,1,791,a+,74,maneuver_collabo,14,12,2,10,2,991,a+,44
2018-02-23T12:00:00+00:00,2.2.2,gachi,standard,asari,kombu,303,bravo,FALSE,nzap85,3,2,1,3,5,1579,s+,67,sputtery,8,6,2,7,2,896,s+,78,maneuver_collabo,10,8,2,4,4,1245,s+,80,herospinner_replica,5,4,1,7,4,1082,s+,73,barrelspinner,5,5,0,3,4,1342,s+,67,sshooter,12,10,2,7,3,1226,s+,101,dynamo_tesla,8,4,4,5,1,1283,s+,94,maneuver,3,2,1,5,4,892,s+,81
2018-02-23T12:00:00+00:00,2.2.2,gachi,standard,asari,kombu,300,bravo,FALSE,maneuver_collabo,8,6,2,7,2,1186,s,78,prime,9,6,3,3,5,1236,s,93,pablo_hue,6,3,3,9,2,597,s,77,sshooter,6,6,0,8,1,882,s,91,carbon,12,8,4,8,2,930,s,55,bottlegeyser,6,5,1,4,3,956,s,62,splatroller,9,7,2,4,2,805,s,55,bucketslosher,7,7,0,5,5,1291,s,83
2018-02-23T12:00:00+00:00,2.2.2,gachi,standard,asari,kombu,302,bravo,FALSE,hotblaster,15,12,3,7,1,908,s+,78,rapid,8,7,1,8,4,1186,s+,80,pablo,5,5,0,11,2,741,s+,40,nzap85,5,1,4,9,2,1296,s+,63,sputtery_hue,11,8,3,7,1,697,s+,85,sshooter,14,11,3,5,4,1419,s+,65,maneuver_collabo,11,10,1,7,3,959,s+,72,dynamo,7,6,1,6,4,1171,s+,100
2018-02-23T12:00:00+00:00,2.2.2,gachi,squad_4,hoko,devon,300,alpha,FALSE,sputtery,13,13,0,8,3,1015,s+,95,dualsweeper,13,9,4,5,6,1387,s+,63,rapid,8,3,5,6,3,617,s+,97,splatcharger,7,5,2,6,1,874,s+,79,clashblaster,10,7,3,7,4,907,s+,63,maneuver_collabo,10,8,2,7,3,996,s+,76,wakaba,8,4,4,8,6,1267,s+,81,nova,6,6,0,9,3,798,s+,63
2018-02-23T12:00:00+00:00,2.2.2,gachi,standard,asari,kombu,300,alpha,FALSE,bucketslosher_deco,5,4,1,6,2,972,s+,108,nzap85,13,8,5,9,3,1311,s+,74,sputtery_hue,9,5,4,9,3,1142,s+,69,sshooter_collabo,19,14,5,8,1,1111,s+,66,carbon,6,5,1,6,4,1154,s+,88,screwslosher_neo,10,6,4,5,3,1273,s+,87,sputtery_hue,7,6,1,11,1,733,s+,58,sshooter,15,15,0,9,3,1268,s+,105
2018-02-23T12:00:00+00:00,2.2.2,gachi,standard,asari,kombu,279,bravo,TRUE,nzap85,10,6,4,6,4,1274,s+,67,maneuver_collabo,11,10,1,5,5,963,s+,64,momiji,8,3,5,5,4,1248,s+,40,dynamo_tesla,13,9,4,4,4,1296,s+,94,pablo,6,3,3,5,4,1108,s+,23,sputtery,7,7,0,8,2,963,s+,80,nzap85,2,2,0,8,4,1279,s+,73,sshooter,11,8,3,7,3,1360,s+,101
2018-02-23T12:00:00+00:00,2.2.2,gachi,squad_4,hoko,devon,321,alpha,FALSE,herospinner_replica,13,9,4,8,2,1195,,69,splatroller,8,5,3,7,0,878,s,74,nzap85,9,8,1,11,1,1028,s,40,sshooter,16,12,4,7,2,883,s+,75,hotblaster,8,6,2,10,2,805,s+,61,bottlegeyser,12,10,2,8,3,808,s+,62,nzap85,10,9,1,10,2,1008,a-,54,pablo,9,8,1,7,2,913,s+,51
2018-02-23T12:00:00+00:00,2.2.2,gachi,standard,asari,kombu,300,alpha,FALSE,carbon,9,4,5,6,3,946,a+,64,hokusai_hue,17,12,5,4,6,1117,a-,73,wakaba,9,7,2,5,3,949,a-,63,prime,16,11,5,3,4,1099,a-,39,clashblaster,4,2,2,7,3,1033,a,37,splatroller_collabo,12,11,1,13,1,901,a+,79,pablo,4,1,3,7,0,704,a-,34,jetsweeper,6,4,2,7,4,941,a-,27
2018-02-23T12:00:00+00:00,2.2.2,gachi,standard,asari,kombu,300,bravo,FALSE,bucketslosher_deco,15,11,4,8,4,1503,s+,78,sputtery,10,8,2,7,3,1161,s+,51,heroshooter_replica,9,6,3,8,2,1030,s+,84,sshooter,7,4,3,9,2,1146,s+,64,prime_collabo,7,6,1,8,2,882,s+,38,bold,9,6,3,6,3,1201,s+,75,bucketslosher_deco,13,11,2,7,5,1572,s+,41,sshooter,15,9,6,8,3,1205,s+,64
2018-02-23T12:00:00+00:00,2.2.2,gachi,standard,asari,ama,188,alpha,TRUE,maneuver_collabo,13,11,2,2,3,925,s,78,sputtery,3,3,0,5,0,340,s,42,promodeler_rg,6,6,0,4,2,729,s,92,splatcharger_collabo,3,3,0,3,0,596,s,43,hotblaster,6,3,3,7,0,376,s,98,bold,3,3,0,5,1,662,s,63,bold,5,5,0,6,0,753,s,40,splatroller,3,3,0,5,1,661,s,69
2018-02-23T12:00:00+00:00,2.2.2,regular,standard,nawabari,gangaze,180,alpha,FALSE,bold,2,2,0,2,3,1073,,43,splatroller,3,3,0,4,1,425,,44,nzap85,7,6,1,4,1,742,,63,nzap85,6,5,1,2,3,816,,60,prime_collabo,2,2,0,5,1,563,,67,splatcharger,2,1,1,2,2,708,,79,prime_collabo,6,4,2,5,1,666,,63,sshooter_collabo,5,4,1,4,1,829,,66
2018-02-23T12:00:00+00:00,2.2.2,gachi,standard,asari,ama,311,bravo,FALSE,bucketslosher_deco,6,5,1,9,1,776,s+,108,heroshooter_replica,9,7,2,6,1,1026,s+,70,sputtery_hue,4,2,2,11,2,876,s+,64,liter4k_scope,11,11,0,4,3,1133,s+,40,dynamo_tesla,9,7,2,5,4,1073,s+,75,splatscope,10,8,2,6,3,909,s+,42,maneuver_collabo,12,8,4,5,3,1056,s+,39,sshooter,10,7,3,9,0,886,s+,56
2018-02-23T12:00:00+00:00,2.2.2,gachi,standard,asari,ama,337,bravo,FALSE,nzap85,16,12,4,5,6,1447,s+,67,screwslosher_neo,14,8,6,8,4,1061,s+,71,parashelter,4,3,1,6,4,1273,s+,90,barrelspinner_deco,8,6,2,6,4,1117,s+,76,splatcharger_collabo,5,5,0,8,3,1286,s+,34,pablo,4,2,2,8,2,711,s+,52,nzap85,12,9,3,8,4,1259,s+,66,maneuver_collabo,10,9,1,5,2,1232,s+,67
2018-02-23T12:00:00+00:00,2.2.2,gachi,standard,asari,kombu,315,bravo,FALSE,carbon,11,9,2,7,5,1292,a+,64,variableroller,11,8,3,8,3,1297,a+,56,sharp,7,5,2,8,3,1064,a+,67,maneuver,12,10,2,10,1,804,a-,53,splatroller,17,16,1,4,3,1041,a+,83,nzap89,4,2,2,9,3,1008,a+,74,wakaba,14,7,7,9,5,1263,a+,57,sputtery_hue,11,8,3,10,3,1063,a,30
2018-02-23T12:00:00+00:00,2.2.2,gachi,standard,asari,kombu,263,bravo,TRUE,maneuver_collabo,8,8,0,5,2,1029,s,78,maneuver,10,8,2,10,0,592,s,43,nzap85,10,8,2,4,5,1196,s,65,splatscope_collabo,1,0,1,6,2,945,s,56,pablo,10,9,1,7,1,734,s,77,nzap89,9,4,5,4,4,1093,s,37,maneuver,8,7,1,7,3,1039,s,53,rapid,8,5,3,6,3,1015,s,60
2018-02-23T12:00:00+00:00,2.2.2,regular,standard,nawabari,gangaze,180,alpha,FALSE,bold,2,1,1,2,3,922,,43,nzap85,4,3,1,4,1,735,,63,sshooter_collabo,12,11,1,3,1,668,,66,maneuver_collabo,6,5,1,5,0,603,,45,prime_collabo,6,4,2,5,1,773,,67,soytuber,2,2,0,6,1,0,,44,splatspinner,5,5,0,6,2,838,,46,wakaba,3,2,1,5,2,596,,71
2018-02-23T12:00:00+00:00,2.2.2,gachi,standard,asari,ama,169,alpha,TRUE,bucketslosher_deco,5,4,1,4,1,574,s+,78,maneuver_collabo,4,2,2,3,2,553,s+,85,longblaster,3,2,1,4,2,494,s+,69,herobrush_replica,13,9,4,3,1,598,s+,53,herocharger_replica,5,4,1,2,2,685,s+,108,sputtery_hue,2,1,1,6,0,456,s+,73,pablo,5,4,1,4,1,522,s+,71,hotblaster,7,5,2,5,1,446,s+,69
2018-02-23T12:00:00+00:00,2.2.2,gachi,squad_4,hoko,devon,146,bravo,TRUE,sputtery,4,4,0,5,1,448,s+,95,dualsweeper,2,1,1,5,2,568,s+,63,splatcharger,5,5,0,4,0,537,s+,79,nzap85,5,4,1,5,0,466,s+,97,kelvin525,4,2,2,2,3,610,s+,81,splatroller,8,5,3,5,1,584,s+,88,splatcharger,5,5,0,2,0,406,s+,61,hotblaster,8,7,1,5,0,444,s,69
2018-02-23T12:00:00+00:00,2.2.2,regular,standard,nawabari,gangaze,180,alpha,,bold,3,2,1,4,1,956,,92,nzap85,2,1,1,4,2,726,,65,promodeler_mg,4,3,1,3,2,688,,60,sputtery_hue,8,7,1,6,2,662,,88,momiji,5,4,1,2,2,886,,93,herospinner_replica,8,5,3,3,2,770,,46,wakaba,5,2,3,4,3,770,,42,herocharger_replica,5,5,0,4,1,510,,64
2018-02-23T12:00:00+00:00,2.2.2,regular,standard,nawabari,gangaze,180,bravo,FALSE,bold,1,1,0,6,1,942,,43,dynamo_tesla,0,0,0,2,2,558,,71,dualsweeper,0,0,0,0,0,0,,43,carbon,3,3,0,5,3,805,,80,heroroller_replica,5,5,0,1,2,617,,48,herobrush_replica,3,2,1,2,2,622,,90,bold,0,0,0,1,2,779,,48,splatcharger_collabo,6,6,0,0,3,908,,43
2018-02-23T12:00:00+00:00,2.2.2,gachi,standard,asari,kombu,320,alpha,FALSE,bucketslosher_deco,12,8,4,6,2,1012,s+,108,sputtery,8,8,0,11,1,1074,s+,80,herocharger_replica,7,7,0,5,3,1112,s+,87,dualsweeper,6,4,2,8,5,1418,s+,93,hydra,15,13,2,4,3,1059,s+,100,bold,9,8,1,9,6,1542,s+,76,sshooter_collabo,6,6,0,8,2,806,s+,78,splatscope,3,3,0,6,2,1118,s+,45
2018-02-23T12:00:00+00:00,2.2.2,gachi,standard,asari,ama,320,bravo,FALSE,bucketslosher_deco,10,6,4,9,5,992,s+,78,dynamo_tesla,7,7,0,9,2,873,s+,65,sputtery_hue,11,7,4,9,2,989,s+,73,pablo_hue,13,11,2,7,4,885,s+,105,splatroller,17,11,6,5,1,935,s+,66,sputtery_hue,10,3,7,9,2,723,s+,73,hotblaster_custom,17,11,6,8,2,930,s+,121,bold,12,9,3,9,3,1285,s+,77
2018-02-23T12:00:00+00:00,2.2.2,gachi,squad_4,hoko,mozuku,312,alpha,FALSE,sputtery,5,4,1,9,1,1021,s+,95,wakaba,21,15,6,3,7,1319,s+,63,splatcharger,13,12,1,5,5,1129,s+,79,nzap85,6,5,1,9,1,840,s+,97,sshooter_collabo,8,7,1,11,0,1335,s+,70,sshooter,10,9,1,6,3,1018,s+,53,splatroller,7,5,2,12,2,859,b-,50,dualsweeper,10,5,5,7,5,1115,a,58
2018-02-23T12:00:00+00:00,2.2.2,gachi,standard,asari,ama,312,bravo,FALSE,maneuver_collabo,5,2,3,8,3,997,s,78,dualsweeper,7,2,5,4,2,1067,s,81,splatroller_collabo,14,14,0,7,3,877,s,45,maneuver_collabo,10,10,0,10,2,1040,s,74,heroroller_replica,14,11,3,6,4,1118,s,77,maneuver,5,4,1,8,5,1076,s,53,squiclean_a,10,5,5,7,4,751,s,35,splatcharger,9,9,0,7,2,868,s,92
2018-02-23T12:00:00+00:00,2.2.2,gachi,standard,asari,ama,407,bravo,FALSE,nzap85,11,1,10,5,8,2014,s+,67,maneuver_collabo,13,11,2,9,7,1713,s+,74,hokusai_hue,10,10,0,11,4,1249,s+,30,bold,9,7,2,7,4,1435,s+,106,bold,8,6,2,6,4,1971,s+,68,nzap85,16,10,6,7,6,1849,s+,52,spygadget,15,7,8,5,5,1776,s+,64,hokusai_hue,11,9,2,11,3,994,s+,56
2018-02-23T12:00:00+00:00,2.2.2,gachi,standard,asari,ama,300,bravo,FALSE,carbon,8,4,4,8,4,895,a+,64,barrelspinner,9,8,1,7,3,801,a+,36,bold,3,3,0,10,0,934,a-,74,maneuver,7,5,2,10,0,844,a-,44,sputtery_hue,5,4,1,1,0,0,a+,58,bold,7,5,2,8,3,1052,a,53,heroshooter_replica,14,12,2,4,3,1264,a+,66,splatroller,14,14,0,7,2,955,a+,59
2018-02-23T12:00:00+00:00,2.2.2,regular,standard,nawabari,bbass,180,bravo,FALSE,bold,1,0,1,4,2,860,,43,heroshooter_replica,4,4,0,5,0,592,,98,heroroller_replica,6,6,0,4,1,565,,38,liter4k_scope_custom,1,1,0,1,2,518,,114,pablo_hue,5,5,0,4,1,420,,53,hotblaster,6,3,3,2,2,454,,61,herospinner_replica,5,3,2,2,3,847,,89,nzap89,3,3,0,3,2,922,,58
2018-02-23T12:00:00+00:00,2.2.2,gachi,standard,asari,kombu,308,alpha,FALSE,bucketslosher_deco,8,7,1,8,5,1350,s+,78,sshooter_collabo,0,0,0,0,0,0,s+,44,sshooter,14,12,2,9,3,1366,s+,56,pablo,2,0,2,5,0,784,s+,85,parashelter,5,4,1,7,2,1041,s+,70,splatroller,1,0,1,0,0,0,s+,48,nzap85,15,10,5,5,4,1391,s+,109,prime_collabo,11,8,3,7,2,1012,s+,57
2018-02-23T12:00:00+00:00,2.2.2,gachi,squad_4,hoko,devon,291,bravo,TRUE,52gal,15,13,2,8,2,1113,s,56,longblaster,5,3,2,7,2,690,s+,61,screwslosher_neo,19,6,13,8,2,805,s+,56,nzap85,6,4,2,9,2,982,a,70,nova,5,4,1,7,1,800,s,72,splatcharger,11,7,4,5,2,913,a+,45,splatroller,12,12,0,8,3,1027,s+,87,nzap85,11,8,3,6,3,995,b-,40
2018-02-23T12:00:00+00:00,2.2.2,gachi,squad_4,hoko,devon,300,bravo,FALSE,sputtery,5,4,1,12,1,1108,s+,95,wakaba,5,3,2,9,4,1016,s+,63,splatcharger,5,5,0,8,3,811,s+,79,nzap85,11,8,3,9,4,1187,s+,97,bottlegeyser,14,9,5,5,3,790,s+,90,heroshelter_replica,14,13,1,5,5,1674,s+,147,hotblaster,13,8,5,4,4,917,s+,71,prime_collabo,9,8,1,6,4,1042,a+,36
2018-02-23T12:00:00+00:00,2.2.2,gachi,standard,asari,kombu,320,bravo,FALSE,bamboo14mk1,7,5,2,8,4,1060,a,61,carbon,17,16,1,6,4,1013,a,41,splatspinner,13,9,4,6,5,1526,a-,49,52gal_deco,11,6,5,5,2,910,a-,52,splatroller,7,6,1,10,0,746,a-,27,96gal,8,5,3,9,5,1690,a-,70,nzap89,9,8,1,7,1,823,a-,75,nzap89,8,6,2,10,2,1279,a-,123
2018-02-23T12:00:00+00:00,2.2.2,gachi,standard,asari,ama,305,alpha,FALSE,maneuver_collabo,13,8,5,7,3,1111,s,78,heroroller_replica,8,8,0,11,1,653,s,81,splatroller,8,8,0,4,1,799,s,70,nzap89,15,9,6,6,6,1254,s,77,maneuver,5,5,0,8,3,1013,s,53,squiclean_a,13,8,5,9,2,742,s,35,splatroller,10,9,1,8,1,1229,s,96,splatroller_collabo,7,6,1,8,2,706,s,45
2018-02-23T12:00:00+00:00,2.2.2,gachi,standard,asari,kombu,300,bravo,FALSE,bucketslosher_deco,9,8,1,6,3,917,s+,108,sshooter_collabo,7,6,1,11,2,1035,s+,108,hotblaster,13,11,2,9,2,897,s+,81,dualsweeper,4,1,3,6,4,1208,s+,92,hotblaster,17,10,7,5,2,970,s+,49,nzap85,13,11,2,8,3,1254,s+,94,pablo,4,3,1,5,0,654,s+,80,maneuver_collabo,12,8,4,8,4,1329,s+,114
2018-02-23T12:00:00+00:00,2.2.2,regular,standard,nawabari,gangaze,180,bravo,,splatspinner,3,3,0,3,2,714,,92,momiji,3,1,2,4,2,909,,52,hydra,3,3,0,1,1,526,,46,splatcharger,1,1,0,2,1,525,,93,nzap89,6,6,0,3,3,908,,52,wakaba,3,2,1,3,3,888,,76,screwslosher,3,1,2,2,2,602,,72,liter4k_custom,1,1,0,1,2,473,,53
2018-02-23T12:00:00+00:00,2.2.2,regular,standard,nawabari,bbass,180,bravo,FALSE,carbon,2,2,0,2,3,611,,64,hotblaster,6,6,0,7,0,407,,40,sharp,3,2,1,3,1,673,,61,barrelspinner,1,0,1,2,2,881,,80,hokusai_hue,6,5,1,2,2,565,,53,prime,5,2,3,3,2,565,,63,sputtery_hue,5,4,1,3,2,840,,65,bucketslosher,5,3,2,2,3,825,,83
2018-02-23T12:00:00+00:00,2.2.2,gachi,standard,asari,ama,328,bravo,FALSE,nzap85,10,4,6,10,3,1347,s+,67,sputtery_hue,7,5,2,9,3,1043,s+,71,splatscope,13,13,0,5,5,1254,s+,89,jetsweeper_custom,10,9,1,7,2,1302,s+,53,maneuver_collabo,11,9,2,10,2,1293,s+,52,sshooter,6,4,2,5,4,1147,s+,62,wakaba,9,7,2,9,4,1283,s+,84,jetsweeper_custom,11,11,0,7,1,1166,s+,42
2018-02-23T12:00:00+00:00,2.2.2,regular,standard,nawabari,bbass,180,bravo,FALSE,heroroller_replica,6,6,0,5,2,762,,69,barrelspinner,4,4,0,3,1,643,,77,promodeler_mg,4,3,1,4,5,1232,,80,bamboo14mk1,1,1,0,4,2,735,,71,splatcharger_collabo,4,4,0,4,2,686,,74,heromaneuver_replica,7,6,1,2,3,1032,,62,bold,0,0,0,5,1,750,,41,bold,6,6,0,3,3,1086,,69
2018-02-23T12:00:00+00:00,2.2.2,regular,standard,nawabari,bbass,180,alpha,,splatspinner,9,8,1,1,3,879,,92,nzap89,8,8,0,4,1,692,,93,rapid,7,2,5,5,1,615,,46,liter4k_custom,1,0,1,1,2,479,,53,momiji,3,2,1,4,2,851,,52,dualsweeper,5,5,0,6,2,762,,52,rapid,5,3,2,4,2,658,,72,wakaba,1,1,0,4,2,635,,76
2018-02-23T12:00:00+00:00,2.2.2,gachi,squad_4,hoko,devon,300,bravo,FALSE,sputtery,4,4,0,8,1,860,s+,95,splatcharger,5,5,0,8,2,716,s+,79,nzap85,12,8,4,7,3,947,s+,97,wakaba,10,6,4,6,5,1212,s+,63,splatroller,13,11,2,5,3,1086,s+,65,splatscope,6,3,3,2,3,814,s+,68,parashelter,12,9,3,9,4,1372,s+,83,kelvin525,9,6,3,7,3,658,s+,68
2018-02-23T12:00:00+00:00,2.2.2,gachi,squad_4,hoko,mozuku,300,bravo,FALSE,sshooter_collabo,11,10,1,8,3,1218,s,56,nova,8,8,0,10,2,755,s+,61,screwslosher_neo,14,8,6,7,3,883,s+,56,nzap85,5,4,1,9,1,977,a,70,splatroller,18,12,6,9,2,990,s,97,rapid_deco,12,6,6,7,1,1016,s,76,sshooter,17,12,5,6,3,936,s+,74,carbon,7,4,3,8,2,779,a+,54
2018-02-23T12:00:00+00:00,2.2.2,regular,standard,nawabari,gangaze,180,bravo,FALSE,carbon,2,2,0,5,2,615,,64,sputtery_hue,3,3,0,5,2,875,,65,hotblaster,1,1,0,5,0,427,,40,bucketslosher_deco,1,1,0,5,1,717,,61,hokusai_hue,11,10,1,0,4,793,,53,splatroller,7,7,0,2,1,581,,63,bucketslosher,1,1,0,4,2,737,,83,splatspinner,2,1,1,1,3,827,,80
2018-02-23T12:00:00+00:00,2.2.2,gachi,standard,asari,ama,315,alpha,FALSE,bamboo14mk1,12,8,4,4,5,1247,a,61,splatroller,13,9,4,7,2,782,a-,62,52gal_deco,10,8,2,8,2,1050,a-,52,splatroller,17,14,3,9,1,741,a-,78,nzap89,4,4,0,11,0,970,a-,91,splatspinner,9,7,2,9,4,1062,a-,49,wakaba,11,7,4,9,2,1049,a-,49,splatroller,12,10,2,10,1,739,a-,71
2018-02-23T12:00:00+00:00,2.2.2,regular,standard,nawabari,gangaze,180,bravo,FALSE,heroroller_replica,9,7,2,4,2,656,,69,sputtery,1,1,0,3,3,1025,,80,splatcharger_collabo,2,2,0,3,2,791,,71,wakaba,4,2,2,3,3,827,,41,squiclean_a,4,1,3,4,2,570,,77,splatcharger_collabo,4,4,0,4,1,688,,74,heromaneuver_replica,4,2,2,1,4,1131,,62,bold,6,6,0,3,2,1092,,69
2018-02-23T12:00:00+00:00,2.2.2,gachi,standard,asari,ama,175,bravo,TRUE,bucketslosher_deco,4,2,2,5,1,612,s+,108,maneuver_collabo,5,3,2,3,2,818,s+,114,kelvin525,4,3,1,6,0,507,s+,90,sshooter,4,4,0,4,1,685,s+,89,maneuver_collabo,5,4,1,5,0,647,s+,61,screwslosher_neo,10,8,2,1,1,744,s+,77,pablo,2,2,0,2,1,379,s+,80,maneuver_collabo,8,4,4,4,3,716,s+,76
2018-02-23T12:00:00+00:00,2.2.2,gachi,standard,asari,ama,223,alpha,TRUE,nzap85,10,3,7,4,4,1080,s+,67,nzap85,11,7,4,4,3,951,s+,77,momiji,4,3,1,4,3,1095,s+,84,kelvin525,7,7,0,4,3,712,s+,70,bold,4,4,0,6,3,1153,s+,75,parashelter,5,1,4,5,4,1229,s+,84,sshooter_collabo,8,7,1,4,2,839,s+,82,dynamo_tesla,7,4,3,5,2,716,s+,44
2018-02-23T12:00:00+00:00,2.2.2,regular,standard,nawabari,bbass,180,alpha,FALSE,bold,2,2,0,2,3,882,,43,promodeler_rg,5,4,1,6,2,760,,35,carbon,7,6,1,5,1,657,,35,nzap85,11,5,6,1,3,882,,64,parashelter,9,6,3,7,0,588,,88,nzap89,6,6,0,4,3,860,,77,parashelter,2,1,1,2,1,406,,38,bold,2,1,1,4,3,1136,,25
2018-02-23T12:00:00+00:00,2.2.2,regular,standard,nawabari,gangaze,180,bravo,FALSE,nzap89,4,3,1,3,3,691,,64,hokusai_hue,6,6,0,3,1,551,,53,96gal,6,3,3,3,2,894,,36,wakaba,5,2,3,2,3,968,,68,carbon,4,4,0,3,2,729,,63,sputtery_hue,5,4,1,3,2,907,,65,l3reelgun_d,2,1,1,4,0,671,,57,heroroller_replica,3,2,1,4,1,793,,81
2018-02-23T12:00:00+00:00,2.2.2,regular,standard,nawabari,bbass,180,alpha,FALSE,heroroller_replica,8,8,0,5,1,594,,69,hotblaster,6,4,2,4,1,498,,77,momiji,10,8,2,3,5,1497,,80,heroshooter_replica,2,2,0,2,2,787,,71,splatcharger_collabo,5,5,0,4,1,681,,74,heromaneuver_replica,3,3,0,5,2,826,,62,wakaba,3,1,2,8,1,604,,41,bold,5,5,0,5,2,964,,69
2018-02-23T12:00:00+00:00,2.2.2,gachi,standard,asari,ama,337,bravo,FALSE,bucketslosher_deco,1,1,0,6,0,925,s+,108,pablo,7,7,0,7,1,718,s+,80,kelvin525,16,11,5,6,4,1187,s+,90,splatcharger,9,8,1,8,1,1068,s+,71,rapid_deco,6,5,1,6,0,1001,s+,68,herobrush_replica,14,13,1,10,0,919,s+,53,bold,4,3,1,5,1,1144,s+,75,hotblaster,7,6,1,6,1,699,s+,94
2018-02-23T12:00:00+00:00,2.2.2,gachi,squad_4,hoko,devon,51,bravo,TRUE,sshooter_collabo,2,2,0,2,0,220,s,56,screwslosher_neo,1,1,0,2,0,202,s+,56,nzap85,0,0,0,3,0,209,a,70,nova,0,0,0,2,0,105,s+,61,splatroller,3,2,1,0,1,239,a+,36,barrelspinner,2,2,0,0,0,319,s+,68,sputtery_hue,2,1,1,2,1,258,b+,51,splatroller,4,4,0,1,0,206,s+,80
2018-02-23T12:00:00+00:00,2.2.2,gachi,squad_4,hoko,mozuku,310,alpha,FALSE,sputtery,5,4,1,6,2,1147,s+,95,nzap85,13,9,4,7,1,933,s+,97,hotblaster,14,11,3,9,1,895,s+,79,wakaba,21,13,8,5,4,1214,s+,63,hokusai,7,4,3,9,2,839,s+,57,nzap85,13,10,3,6,5,1484,s+,73,longblaster,8,6,2,10,3,881,a+,39,dynamo_tesla,11,7,4,12,3,950,s+,57
2018-02-23T12:00:00+00:00,2.2.2,regular,standard,nawabari,bbass,180,alpha,FALSE,bold,1,1,0,1,3,1202,,43,parashelter,5,3,2,5,1,693,,88,nzap89,2,2,0,4,0,490,,77,carbon,5,5,0,5,2,769,,35,campingshelter,0,0,0,4,1,317,,38,bold,4,4,0,3,3,1246,,35,nzap85,10,8,2,1,3,924,,64,splatscope,3,3,0,3,1,549,,66
2018-02-23T12:00:00+00:00,2.2.2,gachi,squad_4,hoko,mozuku,167,alpha,TRUE,barrelspinner,6,5,1,3,2,683,s,56,screwslosher_neo,5,0,5,4,0,334,s+,56,bold,5,4,1,1,2,832,a,70,heroroller_replica,8,6,2,3,2,640,s+,61,rapid,4,4,0,7,0,496,a-,29,nzap89,3,3,0,4,2,624,b-,49,splatspinner,2,2,0,0,0,0,a,25,splatscope,2,2,0,4,2,707,s+,68
2018-02-23T12:00:00+00:00,2.2.2,regular,standard,nawabari,bbass,180,bravo,FALSE,heroroller_replica,6,6,0,4,2,783,,69,heromaneuver_replica,0,0,0,6,1,725,,62,momiji,1,1,0,2,5,1339,,80,bold,5,4,1,5,1,969,,69,hotblaster,10,8,2,3,3,832,,77,splatcharger_collabo,4,4,0,3,2,667,,74,heroshooter_replica,3,3,0,3,4,1002,,71,wakaba,5,2,3,2,5,1186,,101
2018-02-23T12:00:00+00:00,2.2.2,regular,standard,nawabari,bbass,180,alpha,FALSE,bold,2,1,1,0,2,865,,43,nzap89,7,6,1,1,2,620,,77,nzap85,3,2,1,2,2,714,,64,sshooter,6,4,2,4,0,475,,55,parashelter,5,5,0,6,0,553,,88,pablo_hue,1,1,0,4,2,599,,27,nzap85,0,0,0,0,1,0,,54,splatcharger_collabo,1,1,0,3,2,695,,52
2018-02-23T12:00:00+00:00,2.2.2,gachi,standard,asari,ama,316,alpha,FALSE,bucketslosher_deco,5,5,0,8,1,847,s+,108,sputtery_hue,18,15,3,9,4,1291,s+,104,nzap85,7,1,6,9,4,1235,s+,74,prime_collabo,8,7,1,6,4,1112,s+,69,hotblaster,16,15,1,7,3,1224,s+,76,52gal_deco,6,5,1,4,3,1261,s+,102,bold,6,4,2,9,2,1112,s+,38,sshooter,9,6,3,8,2,1164,s+,97
2018-02-23T12:00:00+00:00,2.2.2,gachi,squad_4,hoko,mozuku,116,alpha,TRUE,maneuver_collabo,5,5,0,4,0,391,s+,78,nzap85,9,4,5,1,1,549,a,69,sshooter_collabo,7,7,0,5,0,368,s,57,wakaba,4,3,1,1,2,511,a-,64,sshooter,4,4,0,5,1,399,a,52,sshooter,4,4,0,5,1,429,s+,68,prime_collabo,2,2,0,4,1,432,s+,60,nzap89,1,1,0,5,0,293,a-,54
2018-02-23T12:00:00+00:00,2.2.2,gachi,squad_4,hoko,devon,311,bravo,FALSE,barrelspinner,9,7,2,8,3,949,s,56,screwslosher_neo,14,8,6,5,6,889,s+,56,bold,8,5,3,5,3,0,a,70,heroroller_replica,16,13,3,7,5,1012,s+,61,liter4k_scope,10,10,0,3,4,1022,s+,61,promodeler_mg,4,3,1,9,4,1341,b+,56,nzap89,7,6,1,13,1,749,b-,37,nzap85,8,6,2,8,3,1066,a-,35
2018-02-23T12:00:00+00:00,2.2.2,gachi,squad_4,hoko,mozuku,246,alpha,TRUE,sputtery,4,3,1,4,1,1104,s+,95,hotblaster,7,6,1,7,1,891,s+,79,nzap85,12,10,2,6,2,964,s+,97,wakaba,9,8,1,6,3,993,s+,63,nzap85,8,5,3,9,1,845,s+,72,promodeler_mg,6,3,3,6,5,1167,a+,63,heroroller_replica,10,8,2,7,2,907,s+,100,jetsweeper_custom,10,7,3,5,4,879,s+,63
2018-02-23T12:00:00+00:00,2.2.2,gachi,standard,asari,ama,305,alpha,FALSE,prime_collabo,11,7,4,2,2,849,b,49,carbon,9,8,1,5,3,901,b,57,nzap89,7,3,4,6,2,839,b,42,splatroller,6,6,0,6,2,880,b-,33,nzap89,4,3,1,8,3,580,b-,39,momiji,3,2,1,6,2,1283,b-,42,splatroller,7,7,0,1,2,751,b-,35,hokusai,8,7,1,9,0,698,b,64
2018-02-23T12:00:00+00:00,2.2.2,regular,standard,nawabari,bbass,180,bravo,FALSE,nzap89,2,2,0,5,1,749,,64,liter4k_scope,2,2,0,5,2,789,,47,bucketslosher,3,2,1,5,1,671,,83,longblaster,4,4,0,5,1,486,,43,momiji,3,3,0,3,2,845,,61,sputtery_hue,11,10,1,2,3,944,,71,splatscope,2,2,0,2,2,573,,36,nzap85,7,5,2,3,2,722,,9
2018-02-23T12:00:00+00:00,2.2.2,gachi,squad_4,hoko,devon,300,alpha,FALSE,maneuver_collabo,19,16,3,6,3,1089,s+,78,wakaba,12,9,3,8,4,965,a-,64,nzap85,12,5,7,8,2,922,a,69,sshooter_collabo,11,9,2,7,1,1010,s,57,nzap85,14,6,8,13,1,876,c-,28,spygadget,12,8,4,11,3,1088,b,43,nzap89,11,6,5,9,3,725,c-,25,splatcharger_collabo,8,8,0,7,3,979,b+,44
2018-02-23T12:00:00+00:00,2.2.2,regular,standard,nawabari,gangaze,180,bravo,FALSE,bold,1,1,0,6,1,905,,43,nzap89,2,2,0,5,1,683,,27,sshooter,0,0,0,5,1,557,,52,hotblaster,5,5,0,5,2,649,,131,parashelter,7,6,1,4,1,529,,88,nzap85,11,9,2,0,4,1039,,64,sshooter,6,4,2,3,2,603,,55,sharp,5,2,3,1,1,1035,,27
2018-02-23T12:00:00+00:00,2.2.2,gachi,standard,asari,kombu,300,alpha,FALSE,sshooter,4,3,1,6,2,1146,a-,53,sshooter,5,4,1,5,1,1065,a,53,splatroller,7,7,0,5,1,1238,a+,116,bold,8,8,0,7,4,1438,a,77,nzap85,12,9,3,7,5,1415,a-,62,52gal_deco,6,3,3,5,2,1039,a-,52,hotblaster,4,3,1,5,2,785,a+,61,sputtery,9,8,1,5,1,0,a,46
2018-02-23T12:00:00+00:00,2.2.2,gachi,standard,asari,kombu,269,alpha,TRUE,screwslosher_neo,7,4,3,6,4,1171,s,67,sputtery_hue,13,11,2,7,3,1020,s,43,rapid,12,8,4,2,1,946,s,43,dualsweeper,9,5,4,5,4,1181,s,65,maneuver_collabo,8,6,2,8,1,1166,s,72,nzap89,3,3,0,7,2,766,s,81,wakaba,12,7,5,8,6,1456,s,48,jetsweeper,9,4,5,5,4,789,s,85
2018-02-23T12:00:00+00:00,2.2.2,regular,standard,nawabari,bbass,180,bravo,FALSE,heroroller_replica,8,8,0,5,1,795,,69,hotblaster,5,4,1,2,2,705,,77,splatcharger_collabo,4,3,1,3,2,672,,74,heromaneuver_replica,4,3,1,4,3,902,,62,wakaba,9,5,4,3,4,958,,71,bold,3,3,0,6,1,735,,69,wakaba,4,3,1,5,4,898,,101,nzap85,4,3,1,4,2,663,,41
2018-02-23T12:00:00+00:00,2.2.2,gachi,standard,asari,kombu,310,bravo,FALSE,bucketslosher_deco,6,5,1,6,2,862,s+,108,hotblaster,14,12,2,12,2,1011,s+,76,wakaba,12,4,8,10,4,1239,s+,90,nzap85,10,8,2,9,3,1151,s+,74,bold,11,8,3,6,4,1436,s+,75,nzap85,16,13,3,10,4,1512,s+,82,hotblaster,15,9,6,6,0,458,s+,119,hotblaster,10,7,3,7,2,905,s+,65
2018-02-23T12:00:00+00:00,2.2.2,gachi,squad_4,hoko,devon,300,bravo,FALSE,sputtery,4,3,1,11,0,787,s+,95,hotblaster,14,11,3,9,3,1047,s+,79,nzap85,7,5,2,10,3,974,s+,97,wakaba,5,5,0,9,3,830,s+,63,barrelspinner,17,12,5,4,4,1014,s+,124,maneuver,12,10,2,5,5,1067,s+,60,sshooter,14,11,3,8,2,762,s+,92,sshooter,11,6,5,7,2,975,s+,85
2018-02-23T12:00:00+00:00,2.2.2,gachi,standard,asari,ama,325,bravo,FALSE,prime_collabo,15,10,5,4,3,909,b,49,splatroller,12,11,1,7,1,574,b,42,sputtery_hue,15,11,4,7,4,1322,b+,30,promodeler_mg,12,6,6,9,3,1171,b-,62,sputtery,4,4,0,9,0,880,b-,61,hokusai_hue,12,10,2,9,2,676,b-,43,bold,6,4,2,10,1,974,b-,38,nzap89,12,9,3,10,3,1102,b-,26
2018-02-23T12:00:00+00:00,2.2.2,regular,standard,nawabari,gangaze,180,bravo,FALSE,nzap89,1,1,0,4,2,594,,64,sputtery_hue,6,6,0,4,2,860,,71,nzap85,1,1,0,4,1,638,,9,maneuver,4,4,0,6,0,454,,43,dynamo_tesla,4,4,0,5,1,620,,47,bucketslosher,6,5,1,2,3,835,,83,prime,6,3,3,1,3,817,,61,screwslosher,7,4,3,4,1,572,,36
2018-02-23T12:00:00+00:00,2.2.2,regular,standard,nawabari,bbass,180,alpha,FALSE,bold,3,3,0,4,2,921,,43,parashelter,6,3,3,6,1,587,,88,hotblaster,4,4,0,2,3,832,,131,nova,3,3,0,4,2,632,,55,nzap85,7,3,4,2,3,908,,64,carbon,3,1,2,4,2,563,,27,heroroller_replica,7,6,1,3,2,741,,70,splatroller,6,6,0,4,1,653,,52
2018-02-23T12:00:00+00:00,2.2.2,gachi,squad_4,hoko,mozuku,94,alpha,TRUE,barrelspinner_deco,8,8,0,0,1,397,s,56,screwslosher_neo,5,3,2,3,0,194,s+,56,heroroller_replica,3,3,0,2,1,407,s+,61,bold,5,2,3,2,0,346,a,70,carbon,2,2,0,4,0,190,c-,35,splatroller,4,4,0,4,0,318,s+,68,sshooter,1,0,1,4,0,119,a+,64,heroblaster_replica,1,1,0,4,0,355,s+,60
2018-02-23T14:00:00+00:00,2.2.2,regular,standard,nawabari,mozuku,180,alpha,FALSE,splatscope_collabo,0,0,0,1,2,713,,67,nzap89,7,5,2,2,3,854,,56,sputtery,8,7,1,2,2,927,,59,splatroller,6,6,0,4,1,495,,40,maneuver_collabo,3,2,1,6,2,638,,60,splatcharger,3,3,0,6,0,643,,77,splatroller,4,4,0,1,2,846,,65,variableroller_foil,0,0,0,5,2,667,,63
2018-02-23T14:00:00+00:00,2.2.2,gachi,squad_4,area,engawa,219,alpha,TRUE,maneuver_collabo,9,7,2,3,4,984,s+,78,bold,13,10,3,5,4,1105,a+,57,wakaba,9,2,7,4,4,897,a-,64,nzap85,9,8,1,4,2,815,a,69,hotblaster,9,8,1,7,3,745,s,64,promodeler_mg,8,4,4,6,5,1102,a-,69,sshooter,4,4,0,8,1,636,a,63,promodeler_mg,2,0,2,6,6,1243,s,67
2018-02-23T14:00:00+00:00,2.2.2,regular,standard,nawabari,ama,180,alpha,FALSE,bold,1,1,0,5,2,1028,,43,splatscope,2,2,0,3,3,879,,102,liter4k,7,2,5,0,3,930,,135,prime,7,6,1,4,3,896,,31,sshooter,8,7,1,3,1,883,,54,pablo,2,2,0,4,0,818,,43,dualsweeper,2,1,1,0,5,1115,,36,maneuver_collabo,2,2,0,4,3,889,,37
2018-02-23T14:00:00+00:00,2.2.2,gachi,standard,hoko,tachiuo,167,bravo,TRUE,prime_collabo,3,3,0,4,0,381,s+,108,sshooter,2,0,2,5,0,436,s+,162,splatscope,6,4,2,3,2,574,s+,87,splatroller,7,6,1,3,3,663,s+,68,nzap89,7,6,1,3,3,567,s+,81,herocharger_replica,6,6,0,5,0,494,s+,61,prime,4,1,3,4,2,491,s+,82,dualsweeper,3,2,1,2,3,635,s+,82
2018-02-23T14:00:00+00:00,2.2.2,gachi,squad_4,area,engawa,300,alpha,FALSE,liter4k,5,3,2,4,6,1154,,56,nzap85,13,10,3,8,5,1319,a+,56,nova,10,10,0,6,3,880,a,61,bold,6,5,1,2,6,1463,a-,70,barrelspinner,1,1,0,10,2,704,a-,77,heroroller_replica,9,8,1,7,2,1182,a+,62,nzap85,7,5,2,3,6,1332,s+,73,momiji,6,5,1,8,5,1580,a-,72
2018-02-23T14:00:00+00:00,2.2.2,gachi,squad_4,area,battera,235,alpha,TRUE,parashelter,9,5,4,6,4,1077,s+,78,hissen,13,7,6,3,4,1052,s+,84,maneuver_collabo,16,13,3,7,3,924,s+,96,nova,13,6,7,7,3,812,s+,72,carbon,8,6,2,7,2,680,s+,98,nzap85,8,4,4,8,3,1087,s+,67,sshooter,11,9,2,8,2,923,s+,82,splatcharger_collabo,4,4,0,8,1,803,s+,88
2018-02-23T14:00:00+00:00,2.2.2,gachi,standard,hoko,tachiuo,296,alpha,TRUE,carbon,6,5,1,10,2,610,a-,64,nzap89,15,12,3,7,4,1041,a,62,bold,9,8,1,7,3,691,a+,70,splatroller,17,14,3,6,4,884,a,84,clashblaster,5,3,2,10,2,691,a,48,sshooter,8,5,3,10,1,837,a-,74,barrelspinner,15,12,3,9,1,698,a,60,splatroller,8,8,0,10,0,660,a,49
2018-02-23T14:00:00+00:00,2.2.2,regular,standard,nawabari,ama,180,alpha,FALSE,splatscope_collabo,2,2,0,1,3,1022,,67,splatcharger,8,8,0,3,0,702,,77,sharp,3,3,0,3,3,1154,,62,sputtery,6,4,2,3,2,761,,46,nzap89,6,6,0,3,3,908,,56,promodeler_mg,3,3,0,4,3,1109,,60,nzap85,0,0,0,6,0,459,,40,momiji,2,1,1,4,2,931,,40
2018-02-23T14:00:00+00:00,2.2.2,gachi,standard,hoko,fujitsubo,125,alpha,TRUE,prime_collabo,6,5,1,1,1,410,b,49,sshooter,5,3,2,1,0,547,b-,43,splatroller,2,2,0,3,0,240,b-,36,sputtery,3,3,0,3,1,521,b-,28,sshooter,2,2,0,4,1,574,b-,31,splatcharger,2,2,0,3,1,335,b-,26,heroshooter_replica,3,3,0,2,0,323,b,55,jetsweeper,4,1,3,4,1,295,b-,41
2018-02-23T14:00:00+00:00,2.2.2,gachi,standard,hoko,tachiuo,285,bravo,TRUE,prime_collabo,6,4,2,8,1,677,s+,108,sputtery,12,8,4,13,0,642,s+,38,nzap85,8,4,4,7,4,1134,s+,92,splatroller,9,9,0,8,2,781,s+,68,splatroller,13,11,2,7,1,1045,s+,69,nzap89,9,8,1,6,3,859,s+,81,dynamo,12,10,2,4,3,869,s+,61,nzap85,7,6,1,9,1,959,s+,41
2018-02-23T14:00:00+00:00,2.2.2,gachi,squad_4,area,battera,232,alpha,TRUE,maneuver_collabo,10,7,3,4,3,1120,s+,78,wakaba,8,1,7,5,5,1059,a-,64,bold,7,7,0,5,4,1191,a+,57,nzap85,6,6,0,4,2,869,a,69,nzap85,10,4,6,5,5,937,s,100,nzap85,10,7,3,8,4,1004,s+,65,nzap89,7,6,1,4,4,1036,a,71,wakaba,2,1,1,4,5,1235,s,87
2018-02-23T14:00:00+00:00,2.2.2,gachi,standard,hoko,tachiuo,309,bravo,FALSE,prime_collabo,6,6,0,7,1,797,b,49,nzap89,11,11,0,6,4,830,b-,56,promodeler_mg,1,1,0,13,0,576,b-,56,nzap89,7,5,2,8,3,806,b+,63,bold,9,7,2,10,0,791,b,50,nzap89,8,5,3,8,1,685,b+,79,rapid_deco,11,7,4,4,2,636,b,57,bold,12,11,1,4,4,1021,b-,53
2018-02-23T14:00:00+00:00,2.2.2,gachi,squad_4,area,engawa,136,alpha,TRUE,parashelter,5,2,3,1,3,767,s+,78,hissen,8,3,5,0,2,622,s+,84,nova,11,8,3,2,2,539,s+,72,maneuver_collabo,6,5,1,1,2,574,s+,96,parashelter,2,1,1,5,1,619,s+,39,nzap85,2,1,1,2,2,848,s+,130,sputtery_hue,0,0,0,6,1,474,b+,32,nzap85,3,2,1,6,1,444,s+,105
2018-02-23T14:00:00+00:00,2.2.2,regular,standard,nawabari,mozuku,180,alpha,FALSE,splatscope_collabo,3,3,0,3,1,878,,68,nzap89,5,5,0,3,3,874,,56,sputtery,5,5,0,4,1,715,,46,splatroller_collabo,3,3,0,5,1,508,,98,splatscope,3,2,1,2,2,789,,60,splatcharger,7,6,1,3,0,726,,77,nzap85,5,5,0,7,0,381,,40,sharp,2,2,0,4,3,962,,62
2018-02-23T14:00:00+00:00,2.2.2,gachi,standard,hoko,tachiuo,176,alpha,TRUE,carbon,6,3,3,3,3,703,a-,64,nzap89,5,4,1,3,2,509,a+,68,splatroller,5,4,1,8,0,422,a,47,sshooter_collabo,13,11,2,3,1,588,a+,43,sshooter,4,4,0,7,1,560,a,67,splatroller,5,3,2,4,2,654,a+,82,nova,6,5,1,6,0,374,a+,56,bold,3,3,0,8,0,478,a-,58
2018-02-23T14:00:00+00:00,2.2.2,gachi,squad_4,area,engawa,323,bravo,FALSE,liter4k,10,6,4,6,7,1486,,56,nova,9,8,1,11,3,949,a,61,nzap85,13,7,6,9,7,1520,a+,56,bold,7,6,1,9,2,1242,a-,70,sputtery,19,18,1,10,4,1419,s+,68,liter4k_scope,7,4,3,2,7,1207,s,59,nzap85,13,7,6,8,5,1401,a-,46,hissen,10,6,4,9,3,1056,a+,70
2018-02-23T14:00:00+00:00,2.2.2,gachi,squad_4,area,battera,219,bravo,TRUE,maneuver_collabo,6,5,1,7,5,887,s+,78,wakaba,10,2,8,6,3,852,a-,64,bold,9,9,0,7,4,1047,a+,57,nzap85,7,2,5,7,1,690,a,69,hissen,11,8,3,4,4,952,s,62,hotblaster_custom,10,9,1,5,4,863,s+,67,screwslosher_neo,7,4,3,4,3,779,a-,67,heroroller_replica,6,6,0,5,4,826,a,81
2018-02-23T14:00:00+00:00,2.2.2,gachi,squad_4,area,engawa,86,alpha,TRUE,parashelter,2,0,2,0,1,540,s+,78,hissen,2,1,1,0,1,383,s+,84,nova,4,2,2,1,1,290,s+,72,maneuver_collabo,5,4,1,1,2,503,s+,96,hotblaster,1,1,0,2,1,290,s+,72,nzap85,2,1,1,0,3,611,s+,78,sshooter,0,0,0,3,1,308,s,85,jetsweeper_custom,0,0,0,2,1,347,s+,71
2018-02-23T14:00:00+00:00,2.2.2,regular,standard,nawabari,ama,180,alpha,FALSE,splatscope_collabo,2,1,1,1,3,943,,68,nzap89,2,2,0,4,2,850,,56,splatroller,6,6,0,4,1,463,,40,sharp,3,1,2,3,2,770,,62,splatcharger,3,3,0,2,0,768,,77,splatroller_collabo,3,3,0,3,2,645,,98,nzap85,6,6,0,4,2,872,,49,sputtery_hue,0,0,0,1,1,0,,100
2018-02-23T14:00:00+00:00,2.2.2,gachi,standard,hoko,fujitsubo,300,bravo,FALSE,prime_collabo,12,12,0,7,2,1011,s,108,soytuber,2,2,0,9,0,633,s,63,heroshooter_replica,18,12,6,8,3,1194,s,100,bold,5,3,2,13,1,793,s,56,heroshooter_replica,15,11,4,8,2,1062,s,83,nzap89,13,9,4,7,4,999,s,70,prime_collabo,11,9,2,6,3,971,s,83,hotblaster,10,8,2,8,2,778,s,76
2018-02-23T14:00:00+00:00,2.2.2,gachi,standard,hoko,tachiuo,116,alpha,TRUE,carbon,3,3,0,4,0,295,a-,64,momiji,3,3,0,2,2,679,a+,56,sshooter,5,3,2,1,0,469,a-,63,nzap85,2,1,1,3,1,349,a-,70,heroshooter_replica,4,4,0,2,1,495,a-,51,nova,4,2,2,3,0,347,a,54,pablo,2,2,0,4,1,475,a,87,herocharger_replica,2,2,0,1,0,199,a-,108
2018-02-23T14:00:00+00:00,2.2.2,gachi,standard,hoko,tachiuo,322,bravo,FALSE,prime_collabo,13,13,0,6,1,726,b,49,sputtery_hue,16,15,1,5,3,1220,b-,40,liter4k_scope,3,3,0,4,3,926,b-,49,nzap85,11,7,4,8,1,942,b,77,dualsweeper,8,6,2,11,0,789,b,41,liter4k_scope_custom,5,3,2,7,2,649,b-,42,sputtery_hue,4,3,1,9,5,1351,b-,49,sshooter,10,9,1,12,1,911,b-,30
2018-02-23T14:00:00+00:00,2.2.2,gachi,squad_4,area,engawa,116,alpha,TRUE,parashelter,4,1,3,1,2,677,s+,78,hissen,4,1,3,1,2,522,s+,85,maneuver_collabo,6,5,1,2,2,673,s+,96,nova,4,3,1,0,2,477,s+,72,sshooter,3,3,0,2,2,512,s+,71,barrelspinner,0,0,0,3,0,492,a+,29,nzap85,2,1,1,3,3,782,s+,27,screwslosher_neo,0,0,0,2,2,431,a-,26
2018-02-23T14:00:00+00:00,2.2.2,regular,standard,nawabari,ama,180,alpha,FALSE,splatscope_collabo,3,3,0,0,3,954,,68,splatcharger,4,4,0,5,0,682,,77,parashelter,1,0,1,2,3,1073,,66,sshooter,6,5,1,3,2,771,,46,nzap89,2,2,0,3,3,993,,56,sharp,1,0,1,2,3,885,,62,splatroller_collabo,3,2,1,2,2,677,,98,hotblaster,7,6,1,5,2,829,,65
2018-02-23T14:00:00+00:00,2.2.2,gachi,squad_4,area,engawa,282,alpha,TRUE,liter4k,7,4,3,2,5,1034,,56,l3reelgun,5,5,0,8,4,1008,a,61,nzap85,8,6,2,6,5,1315,a+,56,bold,7,5,2,3,6,1340,a-,70,sshooter,10,7,3,5,4,1129,s+,60,wakaba,7,2,5,5,7,1303,b-,36,nzap89,8,6,2,3,6,1207,s,76,hissen,6,4,2,7,4,850,a,63
2018-02-23T14:00:00+00:00,2.2.2,gachi,standard,hoko,tachiuo,300,alpha,FALSE,carbon,19,15,4,7,4,844,a-,64,dualsweeper,8,6,2,8,3,1032,a-,47,bold,11,7,4,6,3,978,a+,47,hissen,6,6,0,9,0,505,a,37,prime_collabo,8,2,6,9,0,581,a-,54,herospinner_replica,15,13,2,7,2,984,a-,54,pablo,7,6,1,11,2,941,a-,87,sputtery_hue,8,7,1,9,1,602,a,59
2018-02-23T14:00:00+00:00,2.2.2,gachi,squad_4,area,engawa,300,alpha,FALSE,maneuver_collabo,24,20,4,4,5,1518,s+,78,bold,13,10,3,10,2,1004,a+,57,nzap85,12,9,3,8,3,1092,a,69,wakaba,9,1,8,9,5,1144,a-,64,bold,16,14,2,7,6,1705,a+,34,bold,12,8,4,12,4,1149,a+,54,bold,8,6,2,11,1,908,a+,105,bold,5,3,2,10,4,1086,b,32
2018-02-23T14:00:00+00:00,2.2.2,gachi,squad_4,area,engawa,214,bravo,TRUE,sshooter_collabo,4,1,3,5,2,737,s+,73,hotblaster,2,1,1,8,2,431,s+,89,pablo,4,4,0,7,1,882,s+,64,dualsweeper,8,8,0,3,4,1238,s+,83,maneuver_collabo,5,4,1,5,3,838,s+,91,dualsweeper,8,6,2,2,5,996,s+,78,dynamo_tesla,11,7,4,2,3,850,s+,80,sshooter,7,5,2,5,2,836,s+,82
2018-02-23T14:00:00+00:00,2.2.2,gachi,standard,hoko,tachiuo,320,bravo,FALSE,screwslosher,13,9,4,7,2,930,s+,76,wakaba,8,4,4,11,4,935,s+,62,barrelspinner_deco,7,6,1,7,3,900,s+,75,jetsweeper,9,5,4,5,6,1232,s+,76,screwslosher,9,6,3,6,3,902,s+,58,splatroller,16,14,2,7,3,938,s+,86,herocharger_replica,7,4,3,5,2,884,s+,79,prime_collabo,6,4,2,7,4,1203,s+,91
2018-02-23T14:00:00+00:00,2.2.2,gachi,standard,hoko,tachiuo,56,bravo,TRUE,prime_collabo,2,2,0,2,0,214,s,108,sputtery,1,1,0,3,0,161,s,62,carbon,0,0,0,0,0,0,s,58,nzap85,0,0,0,3,0,134,s,33,heromaneuver_replica,2,1,1,0,0,228,s,71,sharp,5,5,0,2,0,288,s,57,jetsweeper,2,1,1,1,0,137,s,47,sshooter_collabo,1,1,0,0,0,173,s,53
2018-02-23T14:00:00+00:00,2.2.2,gachi,standard,hoko,tachiuo,300,alpha,FALSE,pablo,14,12,2,11,1,809,s+,91,hotblaster,11,8,3,9,1,738,s+,75,wakaba,9,6,3,7,4,1074,s+,52,herocharger_replica,8,8,0,3,2,826,s+,40,sputtery_hue,13,13,0,9,2,935,s+,64,nzap89,6,3,3,9,3,698,s+,28,bold,7,5,2,9,2,777,s+,62,longblaster,9,7,2,8,2,789,s+,43
2018-02-23T14:00:00+00:00,2.2.2,gachi,squad_4,area,engawa,200,alpha,TRUE,parashelter,4,1,3,3,3,1027,s+,78,hissen,9,3,6,1,3,867,s+,85,maneuver_collabo,7,5,2,1,4,1063,s+,96,nova,8,8,0,2,3,738,s+,72,splatroller,4,3,1,4,2,775,s+,117,promodeler_mg,2,0,2,5,5,1078,s+,125,screwslosher_neo,1,0,1,4,4,984,s+,85,hotblaster_custom,3,3,0,4,3,584,s+,98
2018-02-23T14:00:00+00:00,2.2.2,regular,standard,nawabari,mozuku,180,alpha,FALSE,splatscope_collabo,3,3,0,0,3,811,,68,nzap89,6,6,0,2,3,981,,56,splatcharger,4,4,0,3,0,563,,77,parashelter,4,1,3,1,3,943,,66,sharp,0,0,0,3,3,920,,62,splatroller_collabo,1,1,0,3,2,709,,98,parashelter,1,1,0,2,3,1004,,66,sshooter,4,4,0,6,1,652,,46
2018-02-23T14:00:00+00:00,2.2.2,gachi,standard,hoko,tachiuo,300,alpha,FALSE,prime_collabo,7,5,2,5,1,736,s,108,sshooter_collabo,10,7,3,3,2,946,s,53,heroroller_replica,16,15,1,8,1,982,s,66,sharp,4,1,3,6,1,682,s,77,splatroller_collabo,11,10,1,6,2,726,s,68,jetsweeper,4,2,2,7,2,526,s,47,bold,7,7,0,10,2,826,s,57,52gal_deco,5,2,3,6,3,1065,s,73
2018-02-23T14:00:00+00:00,2.2.2,gachi,standard,hoko,tachiuo,272,alpha,TRUE,prime_collabo,7,7,0,6,1,669,b,49,sputtery_hue,9,6,3,6,3,775,b-,49,hokusai_hue,14,11,3,7,1,825,b-,38,nzap89,4,4,0,9,0,638,b-,47,nzap89,11,7,4,5,3,718,b-,36,screwslosher_neo,13,9,4,5,3,869,b+,40,sputtery_hue,10,7,3,9,1,724,b+,52,momiji,4,4,0,10,1,562,b-,38
2018-02-23T14:00:00+00:00,2.2.2,gachi,squad_4,area,engawa,281,alpha,TRUE,sshooter_collabo,7,2,5,6,3,1150,s+,73,hotblaster,15,13,2,5,5,1029,s+,89,hokusai_hue,11,9,2,10,2,866,s+,64,dualsweeper,9,8,1,7,4,1469,s+,83,nzap85,8,5,3,9,3,1061,s,69,sharp,15,7,8,9,3,897,s,82,wakaba,9,2,7,5,6,1332,s+,101,sputtery_hue,15,14,1,9,4,1114,s+,103
2018-02-23T14:00:00+00:00,2.2.2,gachi,standard,hoko,tachiuo,300,bravo,FALSE,carbon,13,12,1,7,2,916,a-,64,sshooter,4,2,2,9,0,633,a-,51,prime_collabo,11,10,1,7,1,856,a,72,nzap89,7,4,3,4,5,1053,a,45,promodeler_rg,8,4,4,9,2,683,a,54,bucketslosher,9,6,3,8,3,677,a-,58,nzap85,11,9,2,8,3,1201,a-,69,nzap85,8,6,2,3,6,1043,a-,59
2018-02-23T14:00:00+00:00,2.2.2,gachi,squad_4,area,engawa,127,bravo,TRUE,maneuver_collabo,1,1,0,2,3,671,s+,78,bold,1,1,0,4,2,573,a+,58,nzap85,1,1,0,3,1,500,a,69,wakaba,0,0,0,4,2,671,a-,64,prime,7,2,5,0,2,397,b+,82,variableroller,5,4,1,0,4,939,s+,80,carbon,5,4,1,1,2,485,b-,35,rapid_deco,5,3,2,2,1,465,a+,65
2018-02-23T14:00:00+00:00,2.2.2,gachi,squad_4,area,engawa,283,bravo,TRUE,liter4k,5,5,0,4,7,1291,,56,bold,3,2,1,9,2,1051,a-,70,nova,4,4,0,10,4,717,a,61,nzap85,11,5,6,7,7,1482,a+,56,dualsweeper,11,8,3,3,6,1297,s,43,hissen,19,11,8,9,2,851,s+,66,nzap85,3,0,3,2,5,1094,a-,45,52gal_deco,15,11,4,4,5,1220,s,31
2018-02-23T14:00:00+00:00,2.2.2,gachi,squad_4,area,engawa,225,bravo,TRUE,parashelter,2,1,1,4,5,1277,s+,78,maneuver_collabo,6,4,2,5,4,1054,s+,96,nova,10,9,1,5,4,843,s+,72,hissen,6,3,3,4,3,788,s+,85,prime_collabo,4,2,2,6,4,875,s+,106,rapid,6,3,3,3,4,1125,s+,91,hotblaster,12,11,1,4,2,741,s+,84,nzap85,5,2,3,4,4,978,s+,76
2018-02-23T14:00:00+00:00,2.2.2,regular,standard,nawabari,mozuku,180,bravo,FALSE,splatscope_collabo,3,3,0,3,2,826,,68,splatcharger,4,4,0,4,1,587,,77,splatroller_collabo,1,1,0,4,1,656,,98,campingshelter,2,2,0,5,1,789,,54,sharp,4,2,2,0,4,1118,,62,splatroller,5,4,1,5,1,638,,52,wakaba,5,4,1,2,3,860,,42,pablo,6,6,0,3,1,572,,86
2018-02-23T14:00:00+00:00,2.2.2,gachi,standard,hoko,tachiuo,300,alpha,FALSE,screwslosher,17,14,3,4,2,721,s+,76,bold,8,7,1,8,2,854,s+,65,dualsweeper,10,6,4,7,3,839,s+,75,nzap85,12,4,8,5,3,1226,s+,71,hotblaster,7,6,1,9,1,893,s+,93,sshooter,7,6,1,5,1,1002,s+,39,pablo,6,4,2,9,2,556,s+,54,screwslosher_neo,5,5,0,8,5,849,s+,57
2018-02-23T14:00:00+00:00,2.2.2,gachi,standard,hoko,tachiuo,222,alpha,TRUE,pablo,14,12,2,5,3,972,s+,91,herocharger_replica,3,3,0,5,2,740,s+,40,sshooter,12,9,3,5,2,759,s+,65,heroshooter_replica,10,5,5,8,1,693,s+,40,dualsweeper,15,10,5,7,3,913,s+,59,nzap85,8,5,3,8,1,662,s+,85,squiclean_a,4,3,1,7,0,442,s+,71,nzap85,6,4,2,7,2,777,s+,46
2018-02-23T14:00:00+00:00,2.2.2,gachi,squad_4,area,battera,188,alpha,TRUE,maneuver_collabo,14,7,7,4,2,821,s+,78,bold,15,13,2,2,4,1029,a+,58,wakaba,7,3,4,5,3,797,a-,64,nzap85,6,3,3,3,2,693,a,69,spygadget,7,5,2,7,1,691,s+,67,spygadget,6,4,2,4,4,991,a+,44,parashelter,6,4,2,7,2,634,a+,38,spygadget,3,1,2,8,1,522,a,61
2018-02-23T14:00:00+00:00,2.2.2,gachi,standard,hoko,fujitsubo,66,bravo,TRUE,prime_collabo,0,0,0,1,0,190,b,49,wakaba,1,0,1,2,1,257,b+,46,hokusai_hue,2,2,0,2,0,159,b,43,clashblaster,1,1,0,3,0,198,b,42,promodeler_mg,3,1,2,1,0,290,b+,39,hotblaster,2,1,1,0,0,148,b,35,sputtery,4,4,0,1,1,267,b,48,herocharger_replica,2,2,0,1,1,268,b+,48
2018-02-23T14:00:00+00:00,2.2.2,gachi,standard,hoko,fujitsubo,30,alpha,TRUE,prime_collabo,0,0,0,1,0,88,s,108,nzap85,2,2,0,1,0,225,s,45,splatscope,1,1,0,0,0,85,s,46,sshooter,0,0,0,0,0,162,s,83,nzap89,1,1,0,2,0,71,s,81,splatcharger_collabo,1,1,0,0,0,135,s,63,bold,0,0,0,0,1,175,s,54,maneuver_collabo,0,0,0,1,0,109,s,41
2018-02-23T14:00:00+00:00,2.2.2,gachi,standard,hoko,fujitsubo,144,alpha,TRUE,prime_collabo,6,4,2,2,0,427,b,49,sputtery_hue,6,5,1,3,2,676,b+,67,sputtery,3,2,1,3,2,582,b-,73,bucketslosher,8,7,1,2,1,455,b,39,longblaster,4,3,1,5,1,560,b-,37,nzap89,2,2,0,4,1,423,b-,77,96gal_deco,1,1,0,4,0,300,b-,46,sputtery,5,4,1,5,1,321,b-,33
2018-02-23T14:00:00+00:00,2.2.2,regular,standard,nawabari,mozuku,180,alpha,FALSE,splatscope_collabo,4,3,1,2,1,702,,68,splatcharger,6,6,0,3,1,663,,77,sharp,2,0,2,2,3,1112,,62,wakaba,2,2,0,4,4,1067,,42,splatroller_collabo,0,0,0,4,1,629,,98,campingshelter,4,4,0,4,3,893,,54,l3reelgun,4,2,2,2,2,1004,,73,sputtery_hue,7,5,2,1,4,1042,,65
2018-02-23T14:00:00+00:00,2.2.2,gachi,squad_4,area,engawa,88,bravo,TRUE,nzap85,2,1,1,3,1,379,s+,73,hotblaster,2,2,0,3,0,195,s+,89,dualsweeper,3,3,0,1,1,551,s+,83,hokusai_hue,1,0,1,1,1,441,s+,64,parashelter,2,2,0,2,1,436,s+,105,herospinner_replica,2,0,2,1,2,470,s+,92,prime_collabo,3,2,1,1,0,413,s+,74,nzap85,5,4,1,2,1,459,s+,86
2018-02-23T14:00:00+00:00,2.2.2,gachi,squad_4,area,battera,319,bravo,FALSE,parashelter,6,1,5,6,6,1434,s+,78,nova,18,15,3,8,6,1209,s+,72,maneuver_collabo,9,8,1,5,7,1529,s+,96,hissen,13,7,6,3,6,1541,s+,85,campingshelter,5,2,3,8,6,1573,s+,99,campingshelter,7,7,0,9,3,1464,s+,115,campingshelter,6,5,1,8,4,1158,s+,100,campingshelter,11,8,3,6,5,1425,s+,82
2018-02-23T14:00:00+00:00,2.2.2,gachi,squad_4,area,engawa,192,alpha,TRUE,sshooter_collabo,12,10,2,1,3,1134,,56,nzap85,6,4,2,4,3,908,a+,56,bold,8,8,0,3,2,896,a-,70,barrelspinner_deco,0,0,0,5,1,527,a,61,sputtery,7,7,0,6,2,703,s+,82,52gal_deco,2,2,0,6,1,650,a,42,wakaba,1,1,0,6,4,905,a,25,nzap85,4,3,1,4,2,928,s+,57
2018-02-23T14:00:00+00:00,2.2.2,gachi,standard,hoko,tachiuo,40,alpha,TRUE,pablo,1,1,0,0,0,114,s+,91,nzap85,1,0,1,0,1,210,s+,59,herocharger_replica,3,2,1,0,0,225,s+,93,maneuver_collabo,1,1,0,0,0,160,s+,45,carbon,0,0,0,0,0,168,s+,68,nzap85,0,0,0,1,0,202,s+,89,52gal_deco,0,0,0,2,0,109,s+,75,dynamo,0,0,0,1,0,207,s+,77
2018-02-23T14:00:00+00:00,2.2.2,gachi,squad_4,area,battera,177,bravo,TRUE,maneuver_collabo,3,2,1,5,2,761,s+,78,bold,5,5,0,4,4,1016,a+,58,nzap85,5,3,2,3,3,655,a,69,wakaba,4,2,2,3,4,859,a-,64,sshooter,8,4,4,5,2,722,s+,82,rapid,7,6,1,3,3,869,s+,94,wakaba,6,4,2,2,5,954,a,53,nzap89,1,1,0,2,3,701,s+,73
2018-02-23T14:00:00+00:00,2.2.2,gachi,standard,hoko,fujitsubo,230,bravo,TRUE,screwslosher,7,5,2,8,2,755,s+,76,splatcharger,5,5,0,6,3,792,s+,78,hotblaster,8,6,2,9,2,507,s+,102,sputtery_hue,3,2,1,8,2,837,s+,52,carbon,17,16,1,3,3,940,s+,66,maneuver_collabo,5,2,3,5,1,920,s+,47,splatcharger,6,5,1,5,2,583,s+,57,hissen,14,8,6,5,2,857,s+,53
2018-02-23T14:00:00+00:00,2.2.2,regular,standard,nawabari,mozuku,180,bravo,FALSE,nzap89,3,2,1,4,2,1001,,57,liter4k_scope,0,0,0,5,1,684,,38,prime,0,0,0,0,0,0,,98,nzap85,4,3,1,5,2,1179,,54,bold,2,1,1,3,2,990,,40,jetsweeper,7,7,0,1,4,856,,39,bold,2,2,0,1,3,936,,35,jetsweeper,7,4,3,0,3,670,,66
2018-02-23T14:00:00+00:00,2.2.2,gachi,squad_4,area,engawa,255,alpha,TRUE,nzap85,8,4,4,7,4,1136,s+,73,hotblaster,13,8,5,7,2,695,s+,89,dualsweeper,16,12,4,6,4,1166,s+,83,hokusai_hue,14,11,3,6,3,949,s+,64,sshooter,7,6,1,8,2,947,a-,67,pablo,6,4,2,9,3,808,b+,70,hotblaster,7,6,1,11,2,813,b+,69,nzap85,11,10,1,8,3,1065,s+,81
2018-02-23T14:00:00+00:00,2.2.2,gachi,standard,hoko,tachiuo,325,bravo,FALSE,prime_collabo,7,5,2,7,2,938,b,49,splatscope,10,9,1,7,1,1093,b,43,wakaba,10,9,1,8,2,898,b-,29,nzap89,5,4,1,12,1,809,b-,26,hokusai,7,4,3,10,2,708,b-,43,wakaba,16,13,3,4,5,1343,b-,46,96gal_deco,5,3,2,8,1,780,b-,41,nzap85,15,11,4,10,1,845,b-,51
2018-02-23T14:00:00+00:00,2.2.2,gachi,standard,hoko,fujitsubo,72,alpha,TRUE,pablo,5,5,0,2,0,213,s+,91,nzap85,1,0,1,3,0,338,s+,87,screwslosher,10,7,3,1,0,344,s+,59,jetsweeper,1,0,1,0,1,402,s+,69,prime_collabo,3,2,1,4,0,255,s+,75,pablo,1,1,0,1,1,187,s+,89,sshooter,4,2,2,3,1,276,s+,49,nova,2,1,1,4,1,218,s+,77
2018-02-23T14:00:00+00:00,2.2.2,gachi,standard,hoko,tachiuo,300,bravo,FALSE,carbon,8,8,0,8,4,912,a-,64,screwslosher,5,4,1,8,1,661,a-,40,maneuver,11,8,3,8,4,970,a-,78,nzap85,3,2,1,8,2,687,a-,87,hissen,10,8,2,8,1,882,a-,46,nzap89,12,9,3,7,4,1131,a-,153,splatscope,4,4,0,4,1,625,a,63,heroroller_replica,8,6,2,5,3,898,a-,103
2018-02-23T14:00:00+00:00,2.2.2,regular,standard,nawabari,ama,180,alpha,FALSE,splatscope_collabo,6,5,1,1,3,977,,68,sharp,4,2,2,1,4,961,,62,campingshelter,5,5,0,3,3,858,,54,nzap85,7,3,4,3,2,798,,69,splatcharger,3,3,0,3,0,788,,77,l3reelgun,0,0,0,5,1,756,,98,wakaba,4,2,2,4,3,868,,42,l3reelgun,3,2,1,3,2,1079,,73
2018-02-23T14:00:00+00:00,2.2.2,gachi,squad_4,area,engawa,197,alpha,TRUE,sshooter_collabo,4,3,1,4,2,896,,56,nzap85,8,4,4,3,5,1134,a+,56,rapid_deco,6,4,2,6,3,634,a,61,bold,4,4,0,4,3,966,a-,70,momiji,7,5,2,3,4,1130,s+,101,splatcharger_collabo,2,2,0,3,3,805,s+,80,splatroller,8,6,2,5,4,936,s+,68,barrelspinner_deco,5,4,1,4,2,549,b+,85
2018-02-23T14:00:00+00:00,2.2.2,gachi,squad_2,area,battera,150,alpha,TRUE,bucketslosher_deco,4,2,2,4,2,782,,69,splatroller,12,11,1,2,2,728,s,42,prime_collabo,10,8,2,2,3,763,s+,88,nzap85,5,1,4,6,1,627,s,40,sshooter,6,5,1,6,2,579,s+,72,splatroller,1,1,0,5,2,567,a,52,nzap85,4,2,2,5,3,658,s+,36,nzap85,8,6,2,6,2,817,s,54
2018-02-23T14:00:00+00:00,2.2.2,gachi,squad_4,area,engawa,294,bravo,TRUE,wakaba,7,2,5,9,3,1077,a-,23,prime_collabo,3,2,1,10,3,931,a+,79,liter4k,10,6,4,4,6,1224,s,64,dualsweeper,18,14,4,6,7,1362,a,33,sshooter,7,6,1,6,0,1166,s+,70,nzap85,10,6,4,4,6,1428,s,75,bucketslosher_deco,9,8,1,5,4,1406,s+,76,splatroller,9,9,0,9,2,858,s+,75
2018-02-23T14:00:00+00:00,2.2.2,gachi,squad_4,area,engawa,234,bravo,TRUE,maneuver_collabo,10,9,1,4,5,1312,s+,78,nzap85,8,3,5,6,3,814,a,69,bold,6,5,1,7,4,1103,a+,58,wakaba,4,1,3,8,3,902,a-,64,sputtery_hue,13,11,2,6,3,962,s+,75,dualsweeper,7,7,0,5,4,993,b+,63,splatcharger_collabo,5,5,0,5,4,1038,s+,104,wakaba,5,2,3,2,4,1047,a+,98
2018-02-23T14:00:00+00:00,2.2.2,regular,standard,nawabari,mozuku,180,bravo,FALSE,nzap89,8,8,0,4,3,909,,57,splatcharger,4,4,0,5,0,529,,24,nzap89,1,0,1,5,2,756,,42,herocharger_replica,5,5,0,4,2,755,,74,rapid_elite,3,2,1,4,2,763,,71,52gal,8,8,0,5,2,895,,51,splatroller,6,6,0,4,2,713,,89,barrelspinner_deco,2,2,0,4,1,620,,72
2018-02-23T14:00:00+00:00,2.2.2,gachi,squad_4,area,engawa,198,alpha,TRUE,parashelter,4,3,1,5,3,959,s+,78,maneuver_collabo,12,9,3,4,4,964,s+,96,nova,11,6,5,5,2,615,s+,72,hissen,8,3,5,1,3,755,s+,85,sharp,4,4,0,7,3,688,s+,80,barrelspinner,4,1,3,3,3,952,s+,83,hotblaster,7,5,2,4,2,653,s+,66,52gal_deco,6,5,1,7,1,721,s+,110
2018-02-23T14:00:00+00:00,2.2.2,gachi,standard,hoko,tachiuo,300,bravo,FALSE,screwslosher,7,5,2,7,1,1217,s+,76,maneuver_collabo,11,9,2,12,0,674,s+,35,sshooter_collabo,5,4,1,10,1,775,s+,71,carbon,8,6,2,10,2,629,s+,54,hotblaster,14,10,4,8,1,694,s+,40,52gal_deco,11,11,0,7,2,944,s+,86,wakaba,13,8,5,5,5,1202,s+,58,rapid,13,7,6,5,2,892,s+,53
2018-02-23T14:00:00+00:00,2.2.2,regular,standard,nawabari,ama,180,alpha,FALSE,splatscope_collabo,2,2,0,1,2,864,,68,carbon,3,3,0,5,1,596,,98,wakaba,2,1,1,2,3,957,,42,nzap85,4,3,1,0,3,884,,41,splatcharger,2,2,0,2,0,705,,77,sharp,4,2,2,1,4,1055,,62,squiclean_a,4,4,0,4,2,502,,23,screwslosher_neo,0,0,0,2,3,971,,75
2018-02-23T14:00:00+00:00,2.2.2,gachi,squad_4,area,engawa,171,alpha,TRUE,nzap85,5,1,4,3,3,851,s+,73,hotblaster,6,4,2,3,2,501,s+,89,dualsweeper,10,9,1,4,3,785,s+,83,hokusai_hue,6,3,3,1,2,582,s+,64,l3reelgun_d,1,1,0,3,3,769,b+,26,sputtery_hue,6,4,2,7,0,363,a+,105,splatcharger_collabo,5,5,0,2,2,827,s+,101,prime_collabo,2,1,1,5,3,635,a+,84
2018-02-23T14:00:00+00:00,2.2.2,gachi,standard,hoko,fujitsubo,160,alpha,TRUE,pablo,10,9,1,5,2,701,s+,91,bold,5,3,2,5,1,674,s+,70,herospinner_replica,5,3,2,1,3,723,s+,80,splatroller,4,2,2,5,1,365,s+,48,nzap85,8,6,2,6,1,621,s+,99,longblaster,5,4,1,5,1,510,s+,73,barrelspinner_deco,1,1,0,1,2,710,s+,63,wakaba,7,5,2,5,3,567,s+,63
2018-02-23T14:00:00+00:00,2.2.2,gachi,squad_4,area,battera,243,alpha,TRUE,sshooter_collabo,15,14,1,4,2,1238,,56,nzap85,9,7,2,4,6,1433,a+,56,longblaster,11,7,4,6,2,792,a,61,bold,5,4,1,5,3,1045,a-,70,nzap85,9,7,2,8,4,1095,b+,24,heromaneuver_replica,6,5,1,8,4,1034,a-,36,sharp,3,2,1,10,4,999,b+,37,splatroller,5,5,0,6,5,1163,s+,64
2018-02-23T14:00:00+00:00,2.2.2,gachi,standard,hoko,tachiuo,300,alpha,FALSE,carbon,9,8,1,7,3,802,a-,64,nzap85,13,10,3,3,3,978,a,75,hotblaster,12,8,4,5,2,879,a-,81,splatscope,9,7,2,1,4,876,a-,45,screwslosher_neo,10,9,1,7,1,625,a-,63,sputtery_hue,3,2,1,11,1,983,a-,36,jetsweeper,6,1,5,5,3,970,a-,34,sshooter,4,3,1,12,0,679,a,51
2018-02-23T14:00:00+00:00,2.2.2,regular,standard,nawabari,ama,180,alpha,,sshooter,7,4,3,1,2,756,,65,maneuver,12,11,1,2,3,1046,,58,maneuver,3,2,1,3,2,782,,57,maneuver,6,6,0,5,0,474,,51,52gal_deco,0,0,0,6,2,878,,69,rapid,5,5,0,5,1,733,,67,carbon,4,1,3,6,2,639,,83,squiclean_a,5,4,1,6,1,543,,86
2018-02-23T14:00:00+00:00,2.2.2,gachi,squad_2,area,engawa,255,alpha,TRUE,bucketslosher_deco,13,11,2,5,5,1357,,69,maneuver_collabo,10,6,4,9,2,770,s+,81,screwslosher_neo,8,4,4,5,3,800,s+,86,nzap85,9,5,4,8,2,982,s,40,hotblaster,14,10,4,8,2,734,s+,37,bucketslosher_deco,8,8,0,6,5,1342,s+,72,hotblaster,8,6,2,6,1,809,s+,49,heroroller_replica,5,3,2,7,4,986,s,68
2018-02-23T14:00:00+00:00,2.2.2,gachi,standard,hoko,fujitsubo,152,bravo,TRUE,prime_collabo,5,5,0,2,1,571,b,49,nzap89,1,1,0,5,1,403,b-,33,sputtery,7,6,1,7,0,350,b+,45,hokusai_hue,7,6,1,4,2,442,b-,28,screwslosher,6,4,2,5,1,466,b+,41,clashblaster,5,3,2,3,0,358,b-,30,sshooter,6,4,2,6,0,456,b+,44,wakaba,9,6,3,4,3,717,b+,40
2018-02-23T14:00:00+00:00,2.2.2,regular,standard,nawabari,mozuku,180,bravo,FALSE,nzap89,5,5,0,4,2,791,,57,splatroller,6,6,0,3,2,701,,89,herocharger_replica,1,1,0,1,3,819,,74,promodeler_rg,6,5,1,4,2,862,,44,52gal,4,4,0,4,2,916,,51,barrelspinner_deco,6,3,3,4,1,771,,72,hokusai_hue,3,2,1,4,2,615,,53,nzap85,4,3,1,5,1,795,,61
2018-02-23T14:00:00+00:00,2.2.2,gachi,squad_4,area,battera,319,bravo,FALSE,maneuver_collabo,19,16,3,7,6,1385,s+,78,bold,10,9,1,10,5,1409,a+,58,nzap85,7,1,6,12,4,927,a-,64,prime_collabo,4,3,1,9,3,992,a,69,sshooter_collabo,24,21,3,6,5,1629,s+,91,barrelspinner_deco,9,8,1,8,4,934,a-,52,pablo,8,4,4,6,5,1019,a-,30,splatcharger,5,5,0,9,1,936,b+,19
2018-02-23T14:00:00+00:00,2.2.2,gachi,squad_4,area,engawa,79,alpha,TRUE,parashelter,1,0,1,1,2,531,s+,78,nova,5,5,0,1,1,286,s+,72,maneuver_collabo,3,3,0,0,2,457,s+,96,hissen,2,1,1,0,1,436,s+,85,sshooter,1,1,0,3,1,378,s+,56,splatcharger,0,0,0,2,1,341,s+,87,wakaba,0,0,0,2,2,387,a+,47,nzap85,1,1,0,2,1,375,s+,53
2018-02-23T14:00:00+00:00,2.2.2,gachi,squad_4,area,battera,265,bravo,TRUE,wakaba,3,2,1,8,4,1241,a-,23,dualsweeper,2,1,1,10,2,962,a,33,liter4k,3,3,0,7,3,946,s,64,promodeler_mg,4,4,0,8,6,1359,a+,79,hotblaster,18,15,3,1,5,1077,b-,29,splatscope,1,1,0,5,0,973,a-,32,barrelspinner_deco,7,6,1,2,4,1014,s+,42,bold,14,11,3,2,5,1287,a,40
2018-02-23T14:00:00+00:00,2.2.2,regular,standard,nawabari,mozuku,180,alpha,FALSE,splatscope_collabo,2,2,0,3,2,955,,68,splatcharger,1,1,0,2,1,651,,77,sharp,3,3,0,1,3,998,,62,wakaba,8,7,1,2,3,868,,42,carbon,2,2,0,4,2,659,,98,nzap85,2,1,1,3,3,897,,41,splatcharger_collabo,3,3,0,3,2,670,,23,screwslosher_neo,2,2,0,3,2,845,,75
2018-02-23T14:00:00+00:00,2.2.2,gachi,squad_4,area,battera,125,alpha,TRUE,nzap85,3,1,2,1,2,665,s+,73,dualsweeper,9,7,2,1,3,787,s+,83,hokusai_hue,4,4,0,2,1,468,s+,64,hotblaster,5,5,0,3,1,423,s+,89,rapid,5,2,3,4,2,587,s+,69,prime_collabo,3,2,1,5,1,655,s+,97,sshooter_collabo,2,2,0,5,1,446,s+,67,herocharger_replica,3,1,2,3,1,372,s+,68
2018-02-23T14:00:00+00:00,2.2.2,gachi,standard,hoko,fujitsubo,43,alpha,TRUE,pablo,5,3,2,1,1,303,s+,91,hotblaster,4,4,0,0,1,289,s+,51,splatroller,3,1,2,0,0,195,s+,71,sputtery_hue,1,1,0,1,0,100,s+,72,nzap85,0,0,0,2,0,221,s+,107,sputtery,0,0,0,2,0,105,s+,94,liter4k_scope,0,0,0,2,0,111,s+,87,bold,2,2,0,3,0,188,s+,93
2018-02-23T14:00:00+00:00,2.2.2,gachi,standard,hoko,tachiuo,300,alpha,FALSE,screwslosher,5,4,1,6,1,895,s+,76,sputtery_hue,6,3,3,6,2,862,s+,45,sshooter,10,10,0,7,1,718,s+,37,splatspinner,6,5,1,3,4,984,s+,60,splatroller,4,3,1,8,1,841,s+,60,52gal_deco,3,1,2,8,1,687,s+,80,parashelter,9,6,3,4,6,1344,s+,83,sshooter,12,12,0,2,4,857,s+,70
2018-02-23T14:00:00+00:00,2.2.2,gachi,standard,hoko,tachiuo,300,alpha,FALSE,prime_collabo,13,8,5,3,1,933,b,49,nzap89,5,3,2,9,1,652,b,70,carbon,15,13,2,10,0,593,b-,37,heroroller_replica,11,9,2,11,1,639,b,51,splatroller,8,8,0,10,0,333,b-,30,spygadget,12,11,1,7,2,819,b,54,nzap85,8,4,4,9,1,579,b-,41,bold,12,8,4,8,0,1068,b-,37
2018-02-23T14:00:00+00:00,2.2.2,gachi,standard,hoko,fujitsubo,276,alpha,TRUE,sputtery_hue,17,11,6,6,2,794,a+,40,dynamo_tesla,24,16,8,5,3,965,a+,74,nzap85,11,5,6,8,3,1037,a-,30,splatroller,14,10,4,9,3,662,a+,121,heroroller_replica,6,6,0,10,1,629,a+,45,hotblaster,13,10,3,9,3,828,a-,26,nova,11,8,3,11,0,810,a-,24,sshooter,7,4,3,12,0,843,a+,44
2018-02-23T14:00:00+00:00,2.2.2,regular,standard,nawabari,mozuku,180,bravo,,sshooter,3,3,0,2,3,974,,65,maneuver,7,7,0,3,2,943,,57,carbon,5,4,1,5,2,693,,83,dynamo_tesla,2,2,0,3,1,495,,67,maneuver,6,6,0,3,4,1022,,58,campingshelter,1,1,0,4,2,800,,63,longblaster,3,3,0,3,2,707,,52,prime_collabo,5,3,2,6,0,535,,51
2018-02-23T14:00:00+00:00,2.2.2,gachi,squad_4,area,battera,335,bravo,FALSE,parashelter,7,4,3,9,6,1581,s+,78,nova,10,8,2,9,7,1186,s+,72,maneuver_collabo,8,6,2,10,7,1450,s+,96,hissen,12,5,7,5,6,1463,s+,85,sshooter,14,10,4,5,7,1657,s+,22,nzap85,9,6,3,7,5,1497,s+,71,herocharger_replica,8,5,3,0,4,1326,s+,78,heroblaster_replica,13,12,1,11,5,1063,s+,105
2018-02-23T14:00:00+00:00,2.2.2,regular,standard,nawabari,mozuku,180,alpha,FALSE,nzap89,5,4,1,3,2,936,,57,heroshelter_replica,5,4,1,4,2,658,,91,splatcharger,5,5,0,4,0,592,,64,promodeler_mg,0,0,0,6,4,1209,,59,squiclean_a,4,3,1,3,2,592,,66,hissen,8,7,1,5,0,577,,61,herocharger_replica,2,2,0,1,1,807,,80,heromaneuver_replica,7,5,2,4,1,928,,59
2018-02-23T14:00:00+00:00,2.2.2,gachi,standard,hoko,fujitsubo,136,alpha,TRUE,pablo,7,6,1,5,0,454,s+,91,prime_collabo,11,9,2,2,2,531,s+,78,sputtery_hue,4,2,2,5,1,589,s+,29,maneuver_collabo,5,2,3,4,1,507,s+,45,sputtery_hue,6,3,3,6,0,0,s+,73,hissen,9,8,1,5,1,519,s+,46,heroroller_replica,3,3,0,4,1,485,s+,84,bold,2,2,0,4,1,589,s+,93
2018-02-23T14:00:00+00:00,2.2.2,gachi,squad_4,area,battera,158,bravo,TRUE,sshooter_collabo,4,4,0,3,1,757,,56,nzap85,2,2,0,5,3,867,a+,57,longblaster,2,2,0,6,1,520,a,61,bold,1,1,0,3,3,737,a-,70,prime_collabo,6,6,0,2,1,637,s+,91,hissen,7,5,2,2,2,678,s+,64,rapid,4,1,3,2,2,631,s+,57,52gal_deco,7,5,2,3,1,650,s+,67
2018-02-23T14:00:00+00:00,2.2.2,gachi,squad_2,area,battera,205,bravo,TRUE,bucketslosher_deco,3,1,2,4,6,1176,,69,rapid,8,6,2,4,2,946,s+,93,nzap85,4,1,3,4,4,945,s,40,maneuver_collabo,10,9,1,6,4,740,s+,96,parashelter,6,2,4,3,4,1198,a,21,heroshooter_replica,11,8,3,6,3,882,s+,110,rapid,6,5,1,4,2,886,s+,71,sharp,5,3,2,4,2,890,s+,52
2018-02-23T14:00:00+00:00,2.2.2,gachi,standard,hoko,tachiuo,88,bravo,TRUE,sshooter,2,2,0,2,0,294,a,54,splatroller,2,2,0,1,1,319,a+,115,bold,1,1,0,3,1,426,a+,44,promodeler_mg,1,1,0,1,1,440,a,66,hokusai_hue,3,3,0,1,2,490,a+,46,herocharger_replica,0,0,0,1,0,239,a-,44,wakaba,2,1,1,1,1,340,a-,44,heroshooter_replica,2,2,0,3,0,166,a-,56
2018-02-23T14:00:00+00:00,2.2.2,gachi,squad_4,area,battera,118,alpha,TRUE,nzap85,5,3,2,0,2,574,s+,73,dualsweeper,4,3,1,1,1,558,s+,83,hokusai_hue,6,5,1,0,1,515,s+,64,hotblaster,6,4,2,2,1,414,s+,89,barrelspinner_deco,1,1,0,4,1,425,s,63,splatroller,1,0,1,4,2,437,a+,67,rapid_deco,2,1,1,4,2,541,s+,94,sshooter_collabo,1,1,0,3,2,596,s+,69
2018-02-23T14:00:00+00:00,2.2.2,regular,standard,nawabari,ama,180,bravo,FALSE,splatscope_collabo,2,2,0,5,1,790,,68,carbon,1,0,1,4,2,753,,98,wakaba,2,2,0,4,2,811,,42,nzap85,1,0,1,4,2,764,,41,splatcharger,6,5,1,0,0,720,,77,sharp,6,5,1,1,3,957,,62,sshooter,6,4,2,2,2,870,,23,nzap85,7,3,4,1,4,1046,,83
2018-02-23T14:00:00+00:00,2.2.2,gachi,standard,hoko,fujitsubo,30,alpha,TRUE,pablo,3,2,1,0,1,295,s+,91,hissen,1,1,0,0,0,106,s+,46,heroshooter_replica,3,2,1,1,0,183,s+,100,maneuver_collabo,1,1,0,1,0,111,s+,45,carbon,1,1,0,1,0,54,s+,85,heroroller_replica,0,0,0,2,0,97,s+,84,screwslosher,0,0,0,2,0,100,s+,72,maneuver_collabo,1,1,0,1,0,128,s+,79
2018-02-23T14:00:00+00:00,2.2.2,gachi,squad_4,area,battera,243,alpha,TRUE,wakaba,8,6,2,6,4,1041,a-,23,dualsweeper,12,8,4,5,5,1021,a,33,liter4k,12,8,4,3,4,925,s,64,promodeler_mg,6,4,2,4,6,1222,a+,79,momiji,4,3,1,9,3,1270,b+,56,dualsweeper,6,5,1,6,3,883,b-,44,sputtery,4,4,0,6,1,889,b-,35,splatroller,6,6,0,5,4,965,a+,62
2018-02-23T14:00:00+00:00,2.2.2,gachi,standard,hoko,tachiuo,313,bravo,FALSE,sshooter,5,3,2,9,2,832,a,54,longblaster,14,13,1,6,3,956,a-,31,wakaba,4,2,2,8,4,997,a+,88,maneuver_collabo,12,8,4,7,2,780,a-,53,bold,5,5,0,9,1,958,a-,38,hotblaster,10,8,2,7,2,735,a-,101,nzap85,13,7,6,5,3,871,a,83,promodeler_mg,11,8,3,7,3,917,a,49
2018-02-23T14:00:00+00:00,2.2.2,regular,standard,nawabari,ama,180,bravo,,sshooter,2,2,0,5,1,686,,65,nzap89,6,6,0,4,2,958,,67,campingshelter,2,1,1,4,1,868,,63,maneuver,10,7,3,5,1,700,,57,maneuver,10,7,3,3,4,1160,,58,nzap89,1,1,0,1,4,978,,81,carbon,5,5,0,5,2,715,,83,prime_collabo,5,5,0,7,0,541,,51
2018-02-23T14:00:00+00:00,2.2.2,gachi,squad_4,area,engawa,341,alpha,FALSE,sshooter_collabo,14,10,4,9,2,1152,,56,nzap85,8,3,5,12,5,1510,a+,57,longblaster,14,9,5,10,4,1051,a,61,bold,6,6,0,9,4,1335,a-,70,barrelspinner,15,8,7,4,6,1444,s+,73,dynamo_tesla,15,13,2,8,4,1117,s+,88,splatroller,11,10,1,11,3,1115,s+,79,parashelter,12,8,4,8,3,1420,s+,84
2018-02-23T14:00:00+00:00,2.2.2,gachi,squad_4,area,battera,237,alpha,TRUE,maneuver_collabo,12,8,4,5,3,1018,s+,78,wakaba,13,5,8,7,4,1100,a+,58,nzap85,12,9,3,6,3,913,a-,64,sshooter_collabo,9,7,2,5,2,792,a,69,dualsweeper,12,10,2,8,2,992,s,46,splatroller,10,9,1,8,2,745,b,42,promodeler_mg,4,4,0,7,4,1319,b,30,parashelter,0,0,0,6,1,707,b-,34
2018-02-23T14:00:00+00:00,2.2.2,gachi,squad_4,area,battera,193,bravo,TRUE,nzap85,4,1,3,4,3,937,s+,74,dualsweeper,6,5,1,6,3,1079,s+,83,hokusai_hue,5,5,0,5,1,665,s+,64,hotblaster,6,5,1,6,2,567,s+,89,screwslosher_neo,9,6,3,4,1,696,s+,65,rapid,7,5,2,4,3,958,s+,83,96gal_deco,8,7,1,4,2,835,s+,42,bamboo14mk1,4,3,1,4,1,770,s,44
2018-02-23T14:00:00+00:00,2.2.2,gachi,standard,hoko,tachiuo,304,alpha,FALSE,pablo,14,12,2,8,1,653,s+,91,barrelspinner,7,5,2,4,3,899,s+,64,sshooter_collabo,13,10,3,3,3,957,s+,71,maneuver_collabo,6,5,1,8,1,994,s+,45,wakaba,6,2,4,8,5,1204,s+,61,carbon,5,3,2,12,1,496,s+,85,soytuber,8,8,0,8,3,973,s+,73,96gal_deco,8,8,0,7,3,820,s+,59
2018-02-23T14:00:00+00:00,2.2.2,gachi,standard,hoko,tachiuo,300,alpha,FALSE,screwslosher,10,6,4,4,1,730,s+,76,wakaba,17,11,6,6,4,1004,s+,54,splatroller,14,10,4,4,1,1008,s+,33,maneuver_collabo,10,8,2,6,2,888,s+,80,heroroller_replica,7,7,0,10,1,646,s+,98,hotblaster,7,6,1,11,2,595,s+,60,nzap89,5,4,1,9,1,627,s+,68,promodeler_mg,3,1,2,8,6,1466,s+,66
2018-02-23T14:00:00+00:00,2.2.2,regular,standard,nawabari,mozuku,180,bravo,FALSE,splatscope_collabo,2,2,0,0,3,947,,68,splatcharger,3,3,0,4,1,781,,77,bucketslosher_deco,2,2,0,4,3,964,,93,rapid_deco,3,3,0,1,1,913,,66,sharp,2,2,0,2,4,953,,62,bold,1,1,0,4,1,855,,98,wakaba,7,6,1,2,4,1076,,42,nzap85,1,0,1,2,3,836,,41
2018-02-23T14:00:00+00:00,2.2.2,gachi,squad_2,area,battera,180,alpha,TRUE,bucketslosher_deco,9,8,1,3,3,878,,69,splatcharger,8,7,1,2,2,677,s+,16,nzap85,6,5,1,4,2,704,s+,75,nzap85,7,2,5,2,3,848,s,40,rapid,6,4,2,5,2,697,s+,64,prime_collabo,4,3,1,5,2,818,s+,87,screwslosher_neo,1,0,1,6,2,559,s+,55,prime_collabo,4,4,0,6,1,565,s+,63
2018-02-23T14:00:00+00:00,2.2.2,gachi,squad_4,area,battera,121,alpha,TRUE,parashelter,3,1,2,1,2,635,s+,78,maneuver_collabo,7,2,5,2,2,633,s+,96,nova,9,9,0,1,2,506,s+,72,hissen,2,2,0,1,2,571,s+,85,sshooter,3,2,1,4,1,540,s+,91,barrelspinner_deco,2,2,0,4,0,488,s+,88,heroshelter_replica,2,1,1,3,2,694,s+,100,hissen,0,0,0,3,2,475,s+,72
2018-02-23T14:00:00+00:00,2.2.2,regular,standard,nawabari,mozuku,180,bravo,,sshooter,4,4,0,3,2,875,,65,maneuver,9,7,2,4,3,1068,,58,carbon,3,3,0,4,2,817,,83,prime_collabo,3,2,1,4,1,525,,51,nzap89,6,6,0,4,3,990,,67,dualsweeper,9,7,2,4,3,945,,34,campingshelter,1,0,1,4,1,749,,63,maneuver,2,2,0,4,1,720,,57
2018-02-23T14:00:00+00:00,2.2.2,regular,standard,nawabari,mozuku,180,bravo,FALSE,nzap89,2,2,0,2,3,871,,57,squiclean_a,4,1,3,5,2,749,,66,heroroller_replica,6,6,0,1,2,749,,80,nzap85,5,4,1,5,1,775,,65,pablo,3,2,1,3,1,713,,61,nzap85,3,0,3,3,2,760,,25,heroshooter_replica,6,6,0,4,1,688,,69,bold,5,5,0,3,2,1074,,50
2018-02-23T14:00:00+00:00,2.2.2,gachi,squad_4,area,battera,134,bravo,TRUE,wakaba,2,1,1,5,3,687,a-,23,dualsweeper,6,4,2,6,1,532,a,33,liter4k,0,0,0,1,2,619,s,64,promodeler_mg,5,2,3,1,3,798,a+,79,hissen,7,4,3,1,3,686,a-,45,bold,0,0,0,2,2,658,b-,20,96gal,4,4,0,2,3,662,s+,36,hissen,5,5,0,2,2,670,s+,55
